0;[2]0;24547;54400
1;[2](x: 0, y:0);-153.5;412
2;[1](x: 0, y:1);65.5;101
2;[1](x: 0, y:2);31;60
2;[1](x: 1, y:0);68;108
2;[1](x: 1, y:2);7;27
2;[1](x: 2, y:0);17.5;42
2;[1](x: 2, y:1);19.5;45
2;[1](x: 2, y:2);8;29
1;[2](x: 0, y:1);-115.5;279
2;[1](x: 0, y:0);51.5;71
2;[1](x: 0, y:2);54;74
2;[1](x: 1, y:0);24;40
2;[1](x: 1, y:2);20.5;34
2;[1](x: 2, y:0);9;22
2;[1](x: 2, y:1);12.5;27
2;[1](x: 2, y:2);1;11
1;[2](x: 0, y:2);25192;52937
2;[1](x: 0, y:0);3855;7784
2;[1](x: 0, y:1);4764.5;9523
2;[1](x: 1, y:0);3222;6568
2;[1](x: 1, y:2);4536;9089
2;[1](x: 2, y:0);2708.5;5577
2;[1](x: 2, y:1);3208.5;6542
2;[1](x: 2, y:2);3891.5;7854
1;[2](x: 1, y:0);-53;89
2;[1](x: 0, y:0);4;9
2;[1](x: 0, y:1);-0.5;4
2;[1](x: 0, y:2);8.5;13
2;[1](x: 1, y:2);-2;2
2;[1](x: 2, y:0);15.5;19
2;[1](x: 2, y:1);21.5;24
2;[1](x: 2, y:2);14;18
1;[2](x: 1, y:2);-66.5;125
2;[1](x: 0, y:0);0;6
2;[1](x: 0, y:1);24.5;31
2;[1](x: 0, y:2);17;23
2;[1](x: 1, y:0);2;8
2;[1](x: 2, y:0);11;17
2;[1](x: 2, y:1);12;19
2;[1](x: 2, y:2);15;21
1;[2](x: 2, y:0);-124;307
2;[1](x: 0, y:0);9.5;26
2;[1](x: 0, y:1);19;38
2;[1](x: 0, y:2);11;23
2;[1](x: 1, y:0);60;87
2;[1](x: 1, y:2);6.5;21
2;[1](x: 2, y:1);53.5;80
2;[1](x: 2, y:2);14.5;32
1;[2](x: 2, y:1);-53.5;90
2;[1](x: 0, y:0);18.5;21
2;[1](x: 0, y:1);2;6
2;[1](x: 0, y:2);7;11
2;[1](x: 1, y:0);10;15
2;[1](x: 1, y:2);2;7
2;[1](x: 2, y:0);7;11
2;[1](x: 2, y:2);15;18
1;[2](x: 2, y:2);-79;161
2;[1](x: 0, y:0);4.5;13
2;[1](x: 0, y:1);14.5;25
2;[1](x: 0, y:2);10;19
2;[1](x: 1, y:0);3;11
2;[1](x: 1, y:2);24;35
2;[1](x: 2, y:0);10.5;21
2;[1](x: 2, y:1);24.5;37
