0;[2]0;34730;70200
1;[2](x: 0, y:1);-12;21
2;[1](x: 0, y:2);6;7
2;[1](x: 1, y:2);9;9
2;[1](x: 2, y:0);0;2
2;[1](x: 2, y:1);-1;1
2;[1](x: 2, y:2);0;2
1;[2](x: 0, y:2);-13;26
2;[1](x: 0, y:1);2;5
2;[1](x: 1, y:2);15;15
2;[1](x: 2, y:0);-1;1
2;[1](x: 2, y:1);-1;3
2;[1](x: 2, y:2);-1;1
1;[2](x: 1, y:2);34790;70099
2;[1](x: 0, y:1);9459.5;18871
2;[1](x: 0, y:2);9529.5;19006
2;[1](x: 2, y:0);-10.5;30
2;[1](x: 2, y:1);8303.5;16639
2;[1](x: 2, y:2);7742;15553
1;[2](x: 2, y:0);-13.5;26
2;[1](x: 0, y:1);3;5
2;[1](x: 0, y:2);1.5;4
2;[1](x: 1, y:2);12;12
2;[1](x: 2, y:1);-0.5;2
2;[1](x: 2, y:2);0.5;3
1;[2](x: 2, y:1);-11.5;18
2;[1](x: 0, y:1);3.5;4
2;[1](x: 0, y:2);2.5;3
2;[1](x: 1, y:2);4;4
2;[1](x: 2, y:0);4;4
2;[1](x: 2, y:2);0.5;3
1;[2](x: 2, y:2);-10;10
2;[1](x: 0, y:1);2;2
2;[1](x: 0, y:2);2;2
2;[1](x: 1, y:2);2;2
2;[1](x: 2, y:0);2;2
2;[1](x: 2, y:1);2;2
