0;[2]0;44608.5;89400
1;[2](x: 0, y:1);-11;26
2;[1](x: 2, y:0);14;14
2;[1](x: 2, y:1);3.5;6
3;[2](x: 2, y:0);2.5;5
4;[1](x: 2, y:2);2.5;5
3;[2](x: 2, y:2);-1;1
2;[1](x: 2, y:2);3.5;6
3;[2](x: 2, y:0);2;4
4;[1](x: 2, y:1);1.5;3
3;[2](x: 2, y:1);-1;1
4;[1](x: 2, y:0);1;1
1;[2](x: 2, y:0);44640.5;89338
2;[1](x: 0, y:1);14960.5;29911
3;[2](x: 2, y:1);14950.5;29901
4;[1](x: 2, y:2);14950.5;29901
3;[2](x: 2, y:2);-9;9
4;[1](x: 2, y:1);8;8
2;[1](x: 2, y:1);14942;29875
3;[2](x: 0, y:1);14933;29866
4;[1](x: 2, y:2);14932.5;29865
3;[2](x: 2, y:2);-9;9
4;[1](x: 0, y:1);9;9
2;[1](x: 2, y:2);14776;29552
3;[2](x: 0, y:1);7388;14776
4;[1](x: 2, y:1);7388;14776
3;[2](x: 2, y:1);7388;14776
4;[1](x: 0, y:1);7387.5;14775
1;[2](x: 2, y:1);-11;26
2;[1](x: 0, y:1);3.5;6
3;[2](x: 2, y:0);2;4
4;[1](x: 2, y:2);2;4
3;[2](x: 2, y:2);-1;1
2;[1](x: 2, y:0);14;14
2;[1](x: 2, y:2);3.5;6
3;[2](x: 0, y:1);-1;1
3;[2](x: 2, y:0);2.5;5
4;[1](x: 0, y:1);2.5;5
1;[2](x: 2, y:2);-10;10
2;[1](x: 0, y:1);3;3
3;[2](x: 2, y:0);-1;1
3;[2](x: 2, y:1);-1;1
4;[1](x: 2, y:0);1;1
2;[1](x: 2, y:0);3;3
2;[1](x: 2, y:1);3;3
3;[2](x: 0, y:1);-2;2
4;[1](x: 2, y:0);2;2
3;[2](x: 2, y:0);-1;1
