0;[1]0;23894;49500
1;[1](x: 0, y:0);237.5;699
2;[2](x: 0, y:1);-12;17
2;[2](x: 0, y:2);-19;105
2;[2](x: 1, y:0);-18;63
2;[2](x: 1, y:1);-2.5;288
2;[2](x: 1, y:2);-14.5;27
2;[2](x: 2, y:0);-19;92
2;[2](x: 2, y:1);-15;30
2;[2](x: 2, y:2);-18.5;77
1;[1](x: 0, y:1);33.5;189
2;[2](x: 0, y:0);-4.5;12
2;[2](x: 0, y:2);-2;26
2;[2](x: 1, y:0);-5;7
2;[2](x: 1, y:1);1.5;40
2;[2](x: 1, y:2);-4.5;6
2;[2](x: 2, y:0);10;53
2;[2](x: 2, y:1);-4.5;18
2;[2](x: 2, y:2);-1.5;27
1;[1](x: 0, y:2);67;280
2;[2](x: 0, y:0);4.5;92
2;[2](x: 0, y:1);-7;23
2;[2](x: 1, y:0);-7;9
2;[2](x: 1, y:1);-6.5;25
2;[2](x: 1, y:2);-7.5;16
2;[2](x: 2, y:0);1.5;60
2;[2](x: 2, y:1);-6.5;10
2;[2](x: 2, y:2);-4.5;45
1;[1](x: 1, y:0);70.5;290
2;[2](x: 0, y:0);-4.5;32
2;[2](x: 0, y:1);-2;32
2;[2](x: 0, y:2);0.5;53
2;[2](x: 1, y:1);-4;32
2;[2](x: 1, y:2);-6;24
2;[2](x: 2, y:0);-1.5;45
2;[2](x: 2, y:1);-4;31
2;[2](x: 2, y:2);-2;41
1;[1](x: 1, y:1);22950;46292
2;[2](x: 0, y:0);21498.5;45434
2;[2](x: 0, y:1);-39;67
2;[2](x: 0, y:2);-95;287
2;[2](x: 1, y:0);-69;175
2;[2](x: 1, y:2);-29;41
2;[2](x: 2, y:0);-50;104
2;[2](x: 2, y:1);-29.5;42
2;[2](x: 2, y:2);-61;142
1;[1](x: 1, y:2);18;142
2;[2](x: 0, y:0);-3;13
2;[2](x: 0, y:1);-2;15
2;[2](x: 0, y:2);2.5;23
2;[2](x: 1, y:0);0;20
2;[2](x: 1, y:1);4;32
2;[2](x: 2, y:0);-4;4
2;[2](x: 2, y:1);-4;4
2;[2](x: 2, y:2);4.5;31
1;[1](x: 2, y:0);272.5;779
2;[2](x: 0, y:0);-22;176
2;[2](x: 0, y:1);-17.5;40
2;[2](x: 0, y:2);-22.5;156
2;[2](x: 1, y:0);-13;18
2;[2](x: 1, y:1);-10.5;271
2;[2](x: 1, y:2);-15.5;30
2;[2](x: 2, y:1);-17;39
2;[2](x: 2, y:2);-18;48
1;[1](x: 2, y:1);41.5;211
2;[2](x: 0, y:0);-5;15
2;[2](x: 0, y:1);-5.5;13
2;[2](x: 0, y:2);-5;5
2;[2](x: 1, y:0);-4.5;22
2;[2](x: 1, y:1);0.5;38
2;[2](x: 1, y:2);-5.5;11
2;[2](x: 2, y:0);-2;35
2;[2](x: 2, y:2);8.5;72
1;[1](x: 2, y:2);203.5;618
2;[2](x: 0, y:0);-15.5;35
2;[2](x: 0, y:1);-16;33
2;[2](x: 0, y:2);-18;58
2;[2](x: 1, y:0);-18;52
2;[2](x: 1, y:1);-3;266
2;[2](x: 1, y:2);-16;37
2;[2](x: 2, y:0);-20;100
2;[2](x: 2, y:1);-16;37
