0;[1]0;43174;86400
1;[1](x: 0, y:1);11556;23064
2;[2](x: 0, y:2);-10;21
2;[2](x: 2, y:0);-9.5;20
2;[2](x: 2, y:1);11481.5;23011
2;[2](x: 2, y:2);-10;12
1;[1](x: 0, y:2);11648;23242
2;[2](x: 0, y:1);-10;22
2;[2](x: 2, y:0);11568.5;23188
2;[2](x: 2, y:1);-10;22
2;[2](x: 2, y:2);-9;9
1;[1](x: 2, y:0);-10.5;33
2;[2](x: 0, y:1);-1;3
2;[2](x: 0, y:2);20.5;24
2;[2](x: 2, y:1);-2;2
2;[2](x: 2, y:2);0;4
1;[1](x: 2, y:1);10321;20672
2;[2](x: 0, y:1);10309.5;20627
2;[2](x: 0, y:2);-10;14
2;[2](x: 2, y:0);-9.5;20
2;[2](x: 2, y:2);-9;11
1;[1](x: 2, y:2);9659.5;19389
2;[2](x: 0, y:1);2498;5010
2;[2](x: 0, y:2);2550.5;5109
2;[2](x: 2, y:0);2299.5;4635
2;[2](x: 2, y:1);2299.5;4635
