0;[2]0;24547;54400
1;[2](x: 0, y:0);-153.5;412
2;[1](x: 0, y:1);65.5;101
3;[2](x: 0, y:2);-9.5;17
4;[1](x: 1, y:0);-1;1
4;[1](x: 1, y:2);5.5;6
4;[1](x: 2, y:0);-1;1
4;[1](x: 2, y:1);8;8
4;[1](x: 2, y:2);-1;1
3;[2](x: 1, y:0);-8.5;16
4;[1](x: 0, y:2);0;2
4;[1](x: 1, y:2);-1;1
4;[1](x: 2, y:0);3.5;4
4;[1](x: 2, y:1);6;6
4;[1](x: 2, y:2);1;3
3;[2](x: 1, y:2);-10;22
4;[1](x: 0, y:2);0.5;3
4;[1](x: 1, y:0);-0.5;2
4;[1](x: 2, y:0);0;2
4;[1](x: 2, y:1);9;9
4;[1](x: 2, y:2);5;6
3;[2](x: 2, y:0);-9;17
4;[1](x: 0, y:2);-1;1
4;[1](x: 1, y:0);1;3
4;[1](x: 1, y:2);-1;1
4;[1](x: 2, y:1);10;10
4;[1](x: 2, y:2);0;2
3;[2](x: 2, y:1);-9.5;19
4;[1](x: 0, y:2);0.5;3
4;[1](x: 1, y:0);4;4
4;[1](x: 1, y:2);2;3
4;[1](x: 2, y:0);3.5;4
4;[1](x: 2, y:2);3.5;4
3;[2](x: 2, y:2);-8;10
4;[1](x: 0, y:2);-1;1
4;[1](x: 1, y:0);3;3
4;[1](x: 1, y:2);2;2
4;[1](x: 2, y:0);2;2
4;[1](x: 2, y:1);2;2
2;[1](x: 0, y:2);31;60
3;[2](x: 0, y:1);-4.5;8
4;[1](x: 1, y:0);1.5;2
4;[1](x: 1, y:2);2;2
4;[1](x: 2, y:0);2;2
4;[1](x: 2, y:1);-1;1
4;[1](x: 2, y:2);1;1
3;[2](x: 1, y:0);-4;8
4;[1](x: 0, y:1);2;2
4;[1](x: 1, y:2);2;2
4;[1](x: 2, y:0);2;2
4;[1](x: 2, y:1);-1;1
4;[1](x: 2, y:2);-1;1
3;[2](x: 1, y:2);-4;4
4;[1](x: 0, y:1);1;1
4;[1](x: 1, y:0);1;1
4;[1](x: 2, y:0);1;1
4;[1](x: 2, y:1);0;0
4;[1](x: 2, y:2);1;1
3;[2](x: 2, y:0);0;26
4;[1](x: 0, y:1);-2;2
4;[1](x: 1, y:0);11;14
4;[1](x: 1, y:2);-1;3
4;[1](x: 2, y:1);0;4
4;[1](x: 2, y:2);0;3
3;[2](x: 2, y:1);-4.5;6
4;[1](x: 0, y:1);0.5;1
4;[1](x: 1, y:0);2;2
4;[1](x: 1, y:2);1;1
