0;[1]0;23894;49500
1;[1](x: 0, y:0);237.5;699
2;[2](x: 0, y:1);-12;17
3;[1](x: 0, y:2);3;3
4;[2](x: 1, y:0);-1;1
4;[2](x: 1, y:1);-1;1
4;[2](x: 1, y:2);-1;1
4;[2](x: 2, y:0);0;0
4;[2](x: 2, y:1);0;0
4;[2](x: 2, y:2);0;0
3;[1](x: 1, y:0);3;3
4;[2](x: 0, y:2);-1;1
4;[2](x: 1, y:1);0;0
4;[2](x: 1, y:2);0;0
4;[2](x: 2, y:0);0;0
4;[2](x: 2, y:1);0;0
4;[2](x: 2, y:2);-1;1
3;[1](x: 1, y:1);3;3
4;[2](x: 0, y:2);-1;1
4;[2](x: 1, y:0);-1;1
4;[2](x: 1, y:2);0;0
4;[2](x: 2, y:0);-1;1
4;[2](x: 2, y:1);0;0
4;[2](x: 2, y:2);0;0
3;[1](x: 1, y:2);1.5;2
4;[2](x: 0, y:2);0.5;1
4;[2](x: 1, y:0);0;0
4;[2](x: 1, y:1);0;0
4;[2](x: 2, y:0);0;0
4;[2](x: 2, y:1);-1;1
4;[2](x: 2, y:2);0;0
3;[1](x: 2, y:0);1.5;2
4;[2](x: 0, y:2);-1;1
4;[2](x: 1, y:0);0.5;1
4;[2](x: 1, y:1);0;0
4;[2](x: 1, y:2);0;0
4;[2](x: 2, y:1);0;0
4;[2](x: 2, y:2);0;0
3;[1](x: 2, y:1);3;3
4;[2](x: 0, y:2);-1;1
4;[2](x: 1, y:0);-1;1
4;[2](x: 1, y:1);-1;1
4;[2](x: 1, y:2);0;0
4;[2](x: 2, y:0);0;0
4;[2](x: 2, y:2);0;0
3;[1](x: 2, y:2);-1;1
4;[2](x: 0, y:2);0;0
4;[2](x: 1, y:0);0;0
4;[2](x: 1, y:1);1;1
4;[2](x: 1, y:2);0;0
4;[2](x: 2, y:0);0;0
4;[2](x: 2, y:1);0;0
2;[2](x: 0, y:2);-19;105
3;[1](x: 0, y:1);-2;4
4;[2](x: 1, y:0);-1;1
4;[2](x: 1, y:1);1;1
4;[2](x: 1, y:2);1;1
4;[2](x: 2, y:0);1;1
4;[2](x: 2, y:1);0;0
4;[2](x: 2, y:2);0;0
3;[1](x: 1, y:0);0;8
4;[2](x: 0, y:1);-1;1
4;[2](x: 1, y:1);2;2
4;[2](x: 1, y:2);-1;1
4;[2](x: 2, y:0);2;2
4;[2](x: 2, y:1);-1;1
4;[2](x: 2, y:2);-1;1
3;[1](x: 1, y:1);8.5;22
4;[2](x: 0, y:1);-2;2
4;[2](x: 1, y:0);-2;2
4;[2](x: 1, y:2);0;6
4;[2](x: 2, y:0);-2;2
4;[2](x: 2, y:1);-2;2
4;[2](x: 2, y:2);2.5;8
3;[1](x: 1, y:2);1.5;11
4;[2](x: 0, y:1);-1;1
4;[2](x: 1, y:0);1;2
4;[2](x: 1, y:1);0;2
4;[2](x: 2, y:0);3;3
4;[2](x: 2, y:1);-0.5;2
4;[2](x: 2, y:2);-1;1
3;[1](x: 2, y:0);26;42
4;[2](x: 0, y:1);-3;3
4;[2](x: 1, y:0);-3;6
4;[2](x: 1, y:1);-2.5;7
4;[2](x: 1, y:2);-3;7
4;[2](x: 2, y:1);-3.5;7
4;[2](x: 2, y:2);-2;11
3;[1](x: 2, y:1);0.5;9
4;[2](x: 0, y:1);-1;1
4;[2](x: 1, y:0);-1;1
4;[2](x: 1, y:1);-1;1
4;[2](x: 1, y:2);2;2
4;[2](x: 2, y:0);0;2
4;[2](x: 2, y:2);1.5;2
3;[1](x: 2, y:2);0.5;9
4;[2](x: 0, y:1);0;2
4;[2](x: 1, y:0);-1;1
4;[2](x: 1, y:1);1.5;2
4;[2](x: 1, y:2);-1;1
4;[2](x: 2, y:0);2;2
4;[2](x: 2, y:1);-1;1
2;[2](x: 1, y:0);-18;63
3;[1](x: 0, y:1);-0.5;4
4;[2](x: 0, y:2);0.5;1
4;[2](x: 1, y:1);-1;1
4;[2](x: 1, y:2);1;1
4;[2](x: 2, y:0);1;1
4;[2](x: 2, y:1);0;0
4;[2](x: 2, y:2);0;0
3;[1](x: 0, y:2);12.5;15
4;[2](x: 0, y:1);-1.5;3
4;[2](x: 1, y:1);-2;2
4;[2](x: 1, y:2);-2;4
4;[2](x: 2, y:0);-2;2
4;[2](x: 2, y:1);-2;2
4;[2](x: 2, y:2);-2;2
3;[1](x: 1, y:1);9.5;14
4;[2](x: 0, y:1);-1.5;3
4;[2](x: 0, y:2);-1;4
4;[2](x: 1, y:2);-1;1
4;[2](x: 2, y:0);-1;1
4;[2](x: 2, y:1);-1;1
4;[2](x: 2, y:2);1;4
3;[1](x: 1, y:2);9;12
4;[2](x: 0, y:1);0;3
4;[2](x: 0, y:2);0;3
4;[2](x: 1, y:1);-1;1
4;[2](x: 2, y:0);-1;1
4;[2](x: 2, y:1);-0.5;2
4;[2](x: 2, y:2);-0.5;2
3;[1](x: 2, y:0);-1;4
4;[2](x: 0, y:1);1;1
4;[2](x: 0, y:2);0.5;1
4;[2](x: 1, y:1);0.5;1
4;[2](x: 1, y:2);1;1
4;[2](x: 2, y:1);0;0
4;[2](x: 2, y:2);0;0
3;[1](x: 2, y:1);1;5
4;[2](x: 0, y:1);-1;1
4;[2](x: 0, y:2);-1;1
4;[2](x: 1, y:1);1;1
4;[2](x: 1, y:2);1;1
4;[2](x: 2, y:0);0;0
4;[2](x: 2, y:2);0;0
3;[1](x: 2, y:2);5.5;9
4;[2](x: 0, y:1);-1;1
4;[2](x: 0, y:2);-0.5;2
4;[2](x: 1, y:1);1;2
4;[2](x: 1, y:2);0;2
4;[2](x: 2, y:0);-1;1
4;[2](x: 2, y:1);-1;1
2;[2](x: 1, y:1);-2.5;288
3;[1](x: 0, y:1);14.5;57
4;[2](x: 0, y:2);8;22
4;[2](x: 1, y:0);-0.5;11
4;[2](x: 1, y:2);-3;5
4;[2](x: 2, y:0);-1;9
4;[2](x: 2, y:1);-3;3
4;[2](x: 2, y:2);-2;7
3;[1](x: 0, y:2);7;40
4;[2](x: 0, y:1);7;19
4;[2](x: 1, y:0);-2;2
4;[2](x: 1, y:2);-0.5;8
4;[2](x: 2, y:0);-1.5;7
4;[2](x: 2, y:1);-2;2
4;[2](x: 2, y:2);-2;2
3;[1](x: 1, y:0);1;26
4;[2](x: 0, y:1);1.5;6
4;[2](x: 0, y:2);-1;3
4;[2](x: 1, y:2);-1;3
4;[2](x: 2, y:0);4.5;9
4;[2](x: 2, y:1);-1;3
4;[2](x: 2, y:2);-2;2
3;[1](x: 1, y:2);14.5;55
4;[2](x: 0, y:1);-1.5;9
4;[2](x: 0, y:2);-0.5;13
4;[2](x: 1, y:0);1;10
4;[2](x: 2, y:0);-1.5;7
4;[2](x: 2, y:1);-0.5;12
4;[2](x: 2, y:2);-2.5;4
3;[1](x: 2, y:0);7.5;42
4;[2](x: 0, y:1);-1;7
4;[2](x: 0, y:2);-2;4
4;[2](x: 1, y:0);10.5;23
4;[2](x: 1, y:2);-2;4
4;[2](x: 2, y:1);-2;2
4;[2](x: 2, y:2);-2;2
3;[1](x: 2, y:1);13.5;53
4;[2](x: 0, y:1);-3;3
4;[2](x: 0, y:2);-0.5;10
4;[2](x: 1, y:0);3;18
4;[2](x: 1, y:2);2;11
4;[2](x: 2, y:0);-1.5;7
4;[2](x: 2, y:2);-2.5;4
3;[1](x: 2, y:2);-2.5;15
4;[2](x: 0, y:1);-1;1
4;[2](x: 0, y:2);1;3
4;[2](x: 1, y:0);-1;1
4;[2](x: 1, y:2);3;3
4;[2](x: 2, y:0);0.5;3
4;[2](x: 2, y:1);2.5;3
2;[2](x: 1, y:2);-14.5;27
3;[1](x: 0, y:1);-1;1
4;[2](x: 0, y:2);1;1
4;[2](x: 1, y:0);0;0
4;[2](x: 1, y:1);0;0
4;[2](x: 2, y:0);0;0
4;[2](x: 2, y:1);0;0
4;[2](x: 2, y:2);0;0
3;[1](x: 0, y:2);6.5;7
4;[2](x: 0, y:1);-0.5;2
4;[2](x: 1, y:0);-1;1
4;[2](x: 1, y:1);-1;1
4;[2](x: 2, y:0);-1;1
4;[2](x: 2, y:1);-1;1
4;[2](x: 2, y:2);-1;1
3;[1](x: 1, y:0);5;6
4;[2](x: 0, y:1);0.5;1
4;[2](x: 0, y:2);-1;1
4;[2](x: 1, y:1);-1;1
4;[2](x: 2, y:0);0.5;1
4;[2](x: 2, y:1);-1;1
4;[2](x: 2, y:2);-1;1
3;[1](x: 1, y:1);-1;1
4;[2](x: 0, y:1);0;0
4;[2](x: 0, y:2);0;0
4;[2](x: 1, y:0);0;0
4;[2](x: 2, y:0);0;0
4;[2](x: 2, y:1);0;0
4;[2](x: 2, y:2);1;1
3;[1](x: 2, y:0);8;8
4;[2](x: 0, y:1);-2;2
4;[2](x: 0, y:2);-1;1
4;[2](x: 1, y:0);-1;1
4;[2](x: 1, y:1);-1;1
4;[2](x: 2, y:1);-1;1
4;[2](x: 2, y:2);-1;1
3;[1](x: 2, y:1);-1;1
4;[2](x: 0, y:1);0;0
4;[2](x: 0, y:2);0;0
4;[2](x: 1, y:0);0;0
4;[2](x: 1, y:1);1;1
4;[2](x: 2, y:0);0;0
4;[2](x: 2, y:2);0;0
3;[1](x: 2, y:2);1;3
4;[2](x: 0, y:1);-1;1
4;[2](x: 0, y:2);-1;1
4;[2](x: 1, y:0);1;1
4;[2](x: 1, y:1);0;0
4;[2](x: 2, y:0);0;0
4;[2](x: 2, y:1);0;0
2;[2](x: 2, y:0);-19;92
3;[1](x: 0, y:1);1;11
4;[2](x: 0, y:2);3;5
4;[2](x: 1, y:0);-1;1
4;[2](x: 1, y:1);-1;1
4;[2](x: 1, y:2);-1;1
4;[2](x: 2, y:1);-1;1
4;[2](x: 2, y:2);0;2
3;[1](x: 0, y:2);1.5;10
4;[2](x: 0, y:1);2.5;3
4;[2](x: 1, y:0);0;2
4;[2](x: 1, y:1);0;2
4;[2](x: 1, y:2);-1;1
4;[2](x: 2, y:1);-1;1
4;[2](x: 2, y:2);-1;1
3;[1](x: 1, y:0);-1.5;5
4;[2](x: 0, y:1);-1;1
4;[2](x: 0, y:2);1;1
4;[2](x: 1, y:1);1;1
4;[2](x: 1, y:2);0.5;1
4;[2](x: 2, y:1);1;1
4;[2](x: 2, y:2);0;0
3;[1](x: 1, y:1);-0.5;6
4;[2](x: 0, y:1);0.5;1
4;[2](x: 0, y:2);1;1
4;[2](x: 1, y:0);-1;1
4;[2](x: 1, y:2);-1;1
4;[2](x: 2, y:1);1;1
4;[2](x: 2, y:2);1;1
3;[1](x: 1, y:2);-1;7
4;[2](x: 0, y:1);-1;1
4;[2](x: 0, y:2);-1;1
4;[2](x: 1, y:0);-1;1
4;[2](x: 1, y:1);2;2
4;[2](x: 2, y:1);1;1
4;[2](x: 2, y:2);1;1
3;[1](x: 2, y:1);14;25
4;[2](x: 0, y:1);-0.5;7
4;[2](x: 0, y:2);-2;4
4;[2](x: 1, y:0);-2;2
4;[2](x: 1, y:1);-2;2
4;[2](x: 1, y:2);-1;4
4;[2](x: 2, y:2);-1.5;5
3;[1](x: 2, y:2);15.5;28
4;[2](x: 0, y:1);-3;3
4;[2](x: 0, y:2);-1;7
4;[2](x: 1, y:0);-3;3
4;[2](x: 1, y:1);-1.5;9
4;[2](x: 1, y:2);-3;3
4;[2](x: 2, y:1);-3;3
2;[2](x: 2, y:1);-15;30
3;[1](x: 0, y:1);1;3
4;[2](x: 0, y:2);1;1
4;[2](x: 1, y:0);-1;1
4;[2](x: 1, y:1);0;0
4;[2](x: 1, y:2);0;0
4;[2](x: 2, y:0);-1;1
4;[2](x: 2, y:2);0;0
3;[1](x: 0, y:2);1;3
4;[2](x: 0, y:1);1;1
4;[2](x: 1, y:0);-1;1
4;[2](x: 1, y:1);0;0
4;[2](x: 1, y:2);0;0
4;[2](x: 2, y:0);0;0
4;[2](x: 2, y:2);-1;1
3;[1](x: 1, y:0);0;2
4;[2](x: 0, y:1);1;1
4;[2](x: 0, y:2);-1;1
4;[2](x: 1, y:1);0;0
4;[2](x: 1, y:2);0;0
4;[2](x: 2, y:0);0;0
4;[2](x: 2, y:2);0;0
3;[1](x: 1, y:1);4;6
4;[2](x: 0, y:1);-1;1
4;[2](x: 0, y:2);-1;1
4;[2](x: 1, y:0);-1;1
4;[2](x: 1, y:2);-1;1
4;[2](x: 2, y:0);-1;1
4;[2](x: 2, y:2);1;1
3;[1](x: 1, y:2);2;5
4;[2](x: 0, y:1);-1;1
4;[2](x: 0, y:2);0.5;1
4;[2](x: 1, y:0);0.5;1
4;[2](x: 1, y:1);1;1
4;[2](x: 2, y:0);0;0
4;[2](x: 2, y:2);-1;1
3;[1](x: 2, y:0);-1;1
4;[2](x: 0, y:1);0;0
4;[2](x: 0, y:2);0;0
4;[2](x: 1, y:0);0;0
4;[2](x: 1, y:1);0;0
4;[2](x: 1, y:2);1;1
4;[2](x: 2, y:2);0;0
3;[1](x: 2, y:2);10;10
4;[2](x: 0, y:1);-2;2
4;[2](x: 0, y:2);-2;2
4;[2](x: 1, y:0);-2;2
4;[2](x: 1, y:1);-1;1
4;[2](x: 1, y:2);-1;1
4;[2](x: 2, y:0);-1;1
2;[2](x: 2, y:2);-18.5;77
3;[1](x: 0, y:1);5;10
4;[2](x: 0, y:2);-1;1
4;[2](x: 1, y:0);-0.5;2
4;[2](x: 1, y:1);0;2
4;[2](x: 1, y:2);0;2
4;[2](x: 2, y:0);-1;1
4;[2](x: 2, y:1);-0.5;2
3;[1](x: 0, y:2);1.5;7
4;[2](x: 0, y:1);2;2
4;[2](x: 1, y:0);0.5;1
4;[2](x: 1, y:1);0.5;1
4;[2](x: 1, y:2);-1;1
4;[2](x: 2, y:0);0.5;1
4;[2](x: 2, y:1);-1;1
3;[1](x: 1, y:0);2.5;9
4;[2](x: 0, y:1);-1;1
4;[2](x: 0, y:2);-1;1
4;[2](x: 1, y:1);-1;1
4;[2](x: 1, y:2);0;2
4;[2](x: 2, y:0);2.5;3
4;[2](x: 2, y:1);-1;1
3;[1](x: 1, y:1);1;8
4;[2](x: 0, y:1);-1;1
4;[2](x: 0, y:2);0.5;1
4;[2](x: 1, y:0);0;2
4;[2](x: 1, y:2);2;2
4;[2](x: 2, y:0);0.5;1
4;[2](x: 2, y:1);-1;1
3;[1](x: 1, y:2);-1;4
4;[2](x: 0, y:1);0.5;1
4;[2](x: 0, y:2);1;1
4;[2](x: 1, y:0);0;0
4;[2](x: 1, y:1);0;0
4;[2](x: 2, y:0);1;1
4;[2](x: 2, y:1);0;0
3;[1](x: 2, y:0);24;31
4;[2](x: 0, y:1);-4;4
4;[2](x: 0, y:2);-2.5;8
4;[2](x: 1, y:0);-3.5;5
4;[2](x: 1, y:1);-4;4
4;[2](x: 1, y:2);-4;4
4;[2](x: 2, y:1);-4;6
3;[1](x: 2, y:1);0;7
4;[2](x: 0, y:1);0.5;1
4;[2](x: 0, y:2);-1;1
4;[2](x: 1, y:0);0.5;1
4;[2](x: 1, y:1);2;2
4;[2](x: 1, y:2);1;1
4;[2](x: 2, y:0);-1;1
1;[1](x: 0, y:1);33.5;189
2;[2](x: 0, y:0);-4.5;12
3;[1](x: 0, y:2);-1;1
4;[2](x: 1, y:0);0;0
4;[2](x: 1, y:1);0;0
4;[2](x: 1, y:2);0;0
4;[2](x: 2, y:0);1;1
4;[2](x: 2, y:1);0;0
4;[2](x: 2, y:2);0;0
3;[1](x: 1, y:0);-1;1
3;[1](x: 1, y:1);2;2
4;[2](x: 0, y:2);-1;1
4;[2](x: 1, y:0);-1;1
4;[2](x: 1, y:2);0;0
4;[2](x: 2, y:0);0;0
4;[2](x: 2, y:1);0;0
4;[2](x: 2, y:2);0;0
3;[1](x: 1, y:2);2;2
4;[2](x: 0, y:2);-1;1
4;[2](x: 1, y:0);0;0
4;[2](x: 1, y:1);0;0
4;[2](x: 2, y:0);0;0
4;[2](x: 2, y:1);-1;1
4;[2](x: 2, y:2);0;0
3;[1](x: 2, y:0);2;2
4;[2](x: 0, y:2);-1;1
4;[2](x: 1, y:0);0;0
4;[2](x: 1, y:1);-1;1
4;[2](x: 1, y:2);0;0
4;[2](x: 2, y:1);0;0
4;[2](x: 2, y:2);0;0
3;[1](x: 2, y:1);2;2
4;[2](x: 0, y:2);-1;1
4;[2](x: 1, y:0);0;0
4;[2](x: 1, y:1);-1;1
4;[2](x: 1, y:2);0;0
4;[2](x: 2, y:0);0;0
4;[2](x: 2, y:2);0;0
3;[1](x: 2, y:2);0.5;1
4;[2](x: 0, y:2);0;0
4;[2](x: 1, y:0);0;0
4;[2](x: 1, y:1);0;0
4;[2](x: 1, y:2);0.5;1
4;[2](x: 2, y:0);0;0
4;[2](x: 2, y:1);0;0
2;[2](x: 0, y:2);-2;26
3;[1](x: 0, y:0);-1;1
4;[2](x: 1, y:0);0;0
4;[2](x: 1, y:1);1;1
4;[2](x: 1, y:2);0;0
4;[2](x: 2, y:0);0;0
4;[2](x: 2, y:1);0;0
4;[2](x: 2, y:2);0;0
3;[1](x: 1, y:0);0;4
4;[2](x: 0, y:0);-1;1
4;[2](x: 1, y:1);1;1
4;[2](x: 1, y:2);-1;1
4;[2](x: 2, y:0);1;1
4;[2](x: 2, y:1);0;0
4;[2](x: 2, y:2);0;0
3;[1](x: 1, y:1);2;6
4;[2](x: 0, y:0);-1;1
4;[2](x: 1, y:0);-1;1
4;[2](x: 1, y:2);-1;1
4;[2](x: 2, y:0);-1;1
4;[2](x: 2, y:1);1;1
4;[2](x: 2, y:2);1;1
3;[1](x: 1, y:2);1.5;4
4;[2](x: 0, y:0);0.5;1
4;[2](x: 1, y:0);-1;1
4;[2](x: 1, y:1);1;1
4;[2](x: 2, y:0);-1;1
4;[2](x: 2, y:1);0;0
4;[2](x: 2, y:2);0;0
3;[1](x: 2, y:0);1;4
4;[2](x: 0, y:0);-1;1
4;[2](x: 1, y:0);0.5;1
4;[2](x: 1, y:1);0.5;1
4;[2](x: 1, y:2);1;1
4;[2](x: 2, y:1);0;0
4;[2](x: 2, y:2);0;0
3;[1](x: 2, y:1);-1;1
3;[1](x: 2, y:2);3.5;6
4;[2](x: 0, y:0);-1;1
4;[2](x: 1, y:0);1;1
4;[2](x: 1, y:1);-1;1
4;[2](x: 1, y:2);0.5;1
4;[2](x: 2, y:0);-1;1
4;[2](x: 2, y:1);-1;1
2;[2](x: 1, y:0);-5;7
3;[1](x: 0, y:0);1;1
3;[1](x: 0, y:2);-1;1
4;[2](x: 0, y:0);0;0
4;[2](x: 1, y:1);0;0
4;[2](x: 1, y:2);1;1
4;[2](x: 2, y:0);0;0
4;[2](x: 2, y:1);0;0
4;[2](x: 2, y:2);0;0
3;[1](x: 1, y:1);1;1
4;[2](x: 0, y:0);-1;1
4;[2](x: 0, y:2);0;0
4;[2](x: 1, y:2);0;0
4;[2](x: 2, y:0);0;0
4;[2](x: 2, y:1);0;0
4;[2](x: 2, y:2);0;0
3;[1](x: 1, y:2);1;1
4;[2](x: 0, y:0);-1;1
4;[2](x: 0, y:2);0;0
4;[2](x: 1, y:1);0;0
4;[2](x: 2, y:0);0;0
4;[2](x: 2, y:1);0;0
4;[2](x: 2, y:2);0;0
3;[1](x: 2, y:0);1;1
4;[2](x: 0, y:0);0;0
4;[2](x: 0, y:2);-1;1
4;[2](x: 1, y:1);0;0
4;[2](x: 1, y:2);0;0
4;[2](x: 2, y:1);0;0
4;[2](x: 2, y:2);0;0
3;[1](x: 2, y:1);1;1
4;[2](x: 0, y:0);0;0
4;[2](x: 0, y:2);0;0
4;[2](x: 1, y:1);0;0
4;[2](x: 1, y:2);0;0
4;[2](x: 2, y:0);0;0
4;[2](x: 2, y:2);-1;1
3;[1](x: 2, y:2);1;1
4;[2](x: 0, y:0);0;0
4;[2](x: 0, y:2);-1;1
4;[2](x: 1, y:1);0;0
4;[2](x: 1, y:2);0;0
4;[2](x: 2, y:0);0;0
4;[2](x: 2, y:1);0;0
2;[2](x: 1, y:1);1.5;40
3;[1](x: 0, y:0);3.5;11
4;[2](x: 0, y:2);2.5;3
4;[2](x: 1, y:0);-0.5;2
4;[2](x: 1, y:2);-1;1
4;[2](x: 2, y:0);-1;1
4;[2](x: 2, y:1);-0.5;2
4;[2](x: 2, y:2);0;2
3;[1](x: 0, y:2);2;6
4;[2](x: 0, y:0);1;1
4;[2](x: 1, y:0);1;1
4;[2](x: 1, y:2);-1;1
4;[2](x: 2, y:0);-1;1
4;[2](x: 2, y:1);-1;1
4;[2](x: 2, y:2);-1;1
3;[1](x: 1, y:0);-2;2
4;[2](x: 0, y:0);1;1
4;[2](x: 0, y:2);0;0
4;[2](x: 1, y:2);0;0
4;[2](x: 2, y:0);0;0
4;[2](x: 2, y:1);0;0
4;[2](x: 2, y:2);1;1
3;[1](x: 1, y:2);2;8
4;[2](x: 0, y:0);-1;1
4;[2](x: 0, y:2);-1;1
4;[2](x: 1, y:0);-1;1
4;[2](x: 2, y:0);0;2
4;[2](x: 2, y:1);-1;1
4;[2](x: 2, y:2);2;2
3;[1](x: 2, y:0);1.5;8
4;[2](x: 0, y:0);-1;1
4;[2](x: 0, y:2);-1;1
4;[2](x: 1, y:0);-1;1
4;[2](x: 1, y:2);0;2
4;[2](x: 2, y:1);2;2
4;[2](x: 2, y:2);0.5;1
3;[1](x: 2, y:1);-2;2
4;[2](x: 0, y:0);0;0
4;[2](x: 0, y:2);0;0
4;[2](x: 1, y:0);0;0
4;[2](x: 1, y:2);1;1
4;[2](x: 2, y:0);0;0
4;[2](x: 2, y:2);0;0
3;[1](x: 2, y:2);-1.5;3
4;[2](x: 0, y:0);1;1
4;[2](x: 0, y:2);1;1
4;[2](x: 1, y:0);0.5;1
4;[2](x: 1, y:2);0;0
4;[2](x: 2, y:0);0;0
4;[2](x: 2, y:1);0;0
2;[2](x: 1, y:2);-4.5;6
3;[1](x: 0, y:0);1;1
4;[2](x: 0, y:2);-1;1
4;[2](x: 1, y:0);0;0
4;[2](x: 1, y:1);0;0
4;[2](x: 2, y:0);0;0
4;[2](x: 2, y:1);0;0
4;[2](x: 2, y:2);0;0
3;[1](x: 0, y:2);1;1
4;[2](x: 0, y:0);0;0
4;[2](x: 1, y:0);0;0
4;[2](x: 1, y:1);0;0
4;[2](x: 2, y:0);0;0
4;[2](x: 2, y:1);-1;1
4;[2](x: 2, y:2);0;0
3;[1](x: 1, y:0);0.5;1
4;[2](x: 0, y:0);0;0
4;[2](x: 0, y:2);0;0
4;[2](x: 1, y:1);0.5;1
4;[2](x: 2, y:0);0;0
4;[2](x: 2, y:1);0;0
4;[2](x: 2, y:2);0;0
3;[1](x: 1, y:1);1;1
4;[2](x: 0, y:0);0;0
4;[2](x: 0, y:2);0;0
4;[2](x: 1, y:0);0;0
4;[2](x: 2, y:0);0;0
4;[2](x: 2, y:1);-1;1
4;[2](x: 2, y:2);0;0
3;[1](x: 2, y:0);1;1
3;[1](x: 2, y:1);1;1
4;[2](x: 0, y:0);-1;1
4;[2](x: 0, y:2);0;0
4;[2](x: 1, y:0);0;0
4;[2](x: 1, y:1);0;0
4;[2](x: 2, y:0);0;0
4;[2](x: 2, y:2);0;0
3;[1](x: 2, y:2);0;0
2;[2](x: 2, y:0);10;53
3;[1](x: 0, y:0);-2;2
4;[2](x: 0, y:2);1;1
4;[2](x: 1, y:0);1;1
4;[2](x: 1, y:1);0;0
4;[2](x: 1, y:2);0;0
4;[2](x: 2, y:1);0;0
4;[2](x: 2, y:2);0;0
3;[1](x: 0, y:2);2.5;14
4;[2](x: 0, y:0);5;8
4;[2](x: 1, y:0);-1;1
4;[2](x: 1, y:1);-1;1
4;[2](x: 1, y:2);-0.5;2
4;[2](x: 2, y:1);-1;1
4;[2](x: 2, y:2);-1;1
3;[1](x: 1, y:0);-2;6
4;[2](x: 0, y:0);1;1
4;[2](x: 0, y:2);-1;1
4;[2](x: 1, y:1);1;1
4;[2](x: 1, y:2);-1;1
4;[2](x: 2, y:1);1;1
4;[2](x: 2, y:2);1;1
3;[1](x: 1, y:1);-2;6
4;[2](x: 0, y:0);-1;1
4;[2](x: 0, y:2);1;1
4;[2](x: 1, y:0);1;1
4;[2](x: 1, y:2);-1;1
4;[2](x: 2, y:1);1;1
4;[2](x: 2, y:2);1;1
3;[1](x: 1, y:2);1;9
4;[2](x: 0, y:0);-1;1
4;[2](x: 0, y:2);-1;1
4;[2](x: 1, y:0);0;2
4;[2](x: 1, y:1);-1;1
4;[2](x: 2, y:1);2;2
4;[2](x: 2, y:2);1;1
3;[1](x: 2, y:1);-0.5;8
4;[2](x: 0, y:0);-1;1
4;[2](x: 0, y:2);-1;1
4;[2](x: 1, y:0);0;2
4;[2](x: 1, y:1);0.5;1
4;[2](x: 1, y:2);2;2
4;[2](x: 2, y:2);1;1
3;[1](x: 2, y:2);-1;8
4;[2](x: 0, y:0);0.5;1
4;[2](x: 0, y:2);2;2
4;[2](x: 1, y:0);-1;1
4;[2](x: 1, y:1);2;2
4;[2](x: 1, y:2);0.5;1
4;[2](x: 2, y:1);-1;1
2;[2](x: 2, y:1);-4.5;18
3;[1](x: 0, y:0);4;4
4;[2](x: 0, y:2);-1;1
4;[2](x: 1, y:0);-1;1
4;[2](x: 1, y:1);-1;1
4;[2](x: 1, y:2);-1;1
4;[2](x: 2, y:0);0;0
4;[2](x: 2, y:2);0;0
3;[1](x: 0, y:2);4;4
4;[2](x: 0, y:0);-1;1
4;[2](x: 1, y:0);-1;1
4;[2](x: 1, y:1);-1;1
4;[2](x: 1, y:2);0;0
4;[2](x: 2, y:0);0;0
4;[2](x: 2, y:2);0;0
3;[1](x: 1, y:0);-1;1
4;[2](x: 0, y:0);1;1
4;[2](x: 0, y:2);0;0
4;[2](x: 1, y:1);0;0
4;[2](x: 1, y:2);0;0
4;[2](x: 2, y:0);0;0
4;[2](x: 2, y:2);0;0
3;[1](x: 1, y:1);-1;1
4;[2](x: 0, y:0);0;0
4;[2](x: 0, y:2);1;1
4;[2](x: 1, y:0);0;0
4;[2](x: 1, y:2);0;0
4;[2](x: 2, y:0);0;0
4;[2](x: 2, y:2);0;0
3;[1](x: 1, y:2);2;3
4;[2](x: 0, y:0);-1;1
4;[2](x: 0, y:2);0.5;1
4;[2](x: 1, y:0);0.5;1
4;[2](x: 1, y:1);0;0
4;[2](x: 2, y:0);0;0
4;[2](x: 2, y:2);0;0
3;[1](x: 2, y:0);-0.5;2
4;[2](x: 0, y:0);0.5;1
4;[2](x: 0, y:2);1;1
4;[2](x: 1, y:0);0;0
4;[2](x: 1, y:1);0;0
4;[2](x: 1, y:2);0;0
4;[2](x: 2, y:2);0;0
3;[1](x: 2, y:2);2;3
4;[2](x: 0, y:0);0.5;1
4;[2](x: 0, y:2);0.5;1
4;[2](x: 1, y:0);0;0
4;[2](x: 1, y:1);0;0
4;[2](x: 1, y:2);-1;1
4;[2](x: 2, y:0);0;0
2;[2](x: 2, y:2);-1.5;27
3;[1](x: 0, y:0);1;5
4;[2](x: 0, y:2);1;1
4;[2](x: 1, y:0);-1;1
4;[2](x: 1, y:1);-1;1
4;[2](x: 1, y:2);-1;1
4;[2](x: 2, y:0);1;1
4;[2](x: 2, y:1);0;0
3;[1](x: 0, y:2);-2;2
4;[2](x: 0, y:0);1;1
4;[2](x: 1, y:0);0;0
4;[2](x: 1, y:1);0;0
4;[2](x: 1, y:2);0;0
4;[2](x: 2, y:0);1;1
4;[2](x: 2, y:1);0;0
3;[1](x: 1, y:0);0;4
4;[2](x: 0, y:0);-1;1
4;[2](x: 0, y:2);-1;1
4;[2](x: 1, y:1);1;1
4;[2](x: 1, y:2);1;1
4;[2](x: 2, y:0);0;0
4;[2](x: 2, y:1);0;0
3;[1](x: 1, y:1);4.5;7
4;[2](x: 0, y:0);-1;1
4;[2](x: 0, y:2);-1;1
4;[2](x: 1, y:0);0.5;1
4;[2](x: 1, y:2);-1;1
4;[2](x: 2, y:0);-1;1
4;[2](x: 2, y:1);0;2
3;[1](x: 1, y:2);-1;3
4;[2](x: 0, y:0);1;1
4;[2](x: 0, y:2);1;1
4;[2](x: 1, y:0);0;0
4;[2](x: 1, y:1);0;0
4;[2](x: 2, y:0);-1;1
4;[2](x: 2, y:1);0;0
3;[1](x: 2, y:0);-1;1
3;[1](x: 2, y:1);1;5
4;[2](x: 0, y:0);-1;1
4;[2](x: 0, y:2);-1;1
4;[2](x: 1, y:0);1;1
4;[2](x: 1, y:1);-1;1
4;[2](x: 1, y:2);1;1
4;[2](x: 2, y:0);0;0
1;[1](x: 0, y:2);67;280
2;[2](x: 0, y:0);4.5;92
3;[1](x: 0, y:1);-3;3
4;[2](x: 1, y:0);1;1
4;[2](x: 1, y:1);1;1
4;[2](x: 1, y:2);0;0
4;[2](x: 2, y:0);0;0
4;[2](x: 2, y:1);0;0
4;[2](x: 2, y:2);1;1
3;[1](x: 1, y:0);-2.5;6
4;[2](x: 0, y:1);1;1
4;[2](x: 1, y:1);1;1
4;[2](x: 1, y:2);0.5;1
4;[2](x: 2, y:0);1;1
4;[2](x: 2, y:1);-1;1
4;[2](x: 2, y:2);1;1
3;[1](x: 1, y:1);1;16
4;[2](x: 0, y:1);-1;1
4;[2](x: 1, y:0);0;4
4;[2](x: 1, y:2);0.5;3
4;[2](x: 2, y:0);3.5;6
4;[2](x: 2, y:1);-1;1
4;[2](x: 2, y:2);-1;1
3;[1](x: 1, y:2);3;21
4;[2](x: 0, y:1);-2;2
4;[2](x: 1, y:0);-1;3
4;[2](x: 1, y:1);-1;3
4;[2](x: 2, y:0);2;6
4;[2](x: 2, y:1);-1;3
4;[2](x: 2, y:2);0;4
3;[1](x: 2, y:0);4.5;23
4;[2](x: 0, y:1);-2;2
4;[2](x: 1, y:0);-1;3
4;[2](x: 1, y:1);2.5;7
4;[2](x: 1, y:2);-2;2
4;[2](x: 2, y:1);-2;2
4;[2](x: 2, y:2);1;7
3;[1](x: 2, y:1);4;17
4;[2](x: 0, y:1);1;4
4;[2](x: 1, y:0);0;4
4;[2](x: 1, y:1);1;5
4;[2](x: 1, y:2);-1;1
4;[2](x: 2, y:0);-1;1
4;[2](x: 2, y:2);-1;1
3;[1](x: 2, y:2);-3.5;5
4;[2](x: 0, y:1);1;1
4;[2](x: 1, y:0);1;1
4;[2](x: 1, y:1);0.5;1
4;[2](x: 1, y:2);1;1
4;[2](x: 2, y:0);1;1
4;[2](x: 2, y:1);0;0
2;[2](x: 0, y:1);-7;23
3;[1](x: 0, y:0);0.5;3
4;[2](x: 1, y:0);-1;1
4;[2](x: 1, y:1);1;1
4;[2](x: 1, y:2);0;0
4;[2](x: 2, y:0);0;0
4;[2](x: 2, y:1);0;0
4;[2](x: 2, y:2);0.5;1
3;[1](x: 1, y:0);1;3
4;[2](x: 0, y:0);-1;1
4;[2](x: 1, y:1);1;1
4;[2](x: 1, y:2);0;0
4;[2](x: 2, y:0);0;0
4;[2](x: 2, y:1);-1;1
4;[2](x: 2, y:2);0;0
3;[1](x: 1, y:1);4.5;5
4;[2](x: 0, y:0);-1;1
4;[2](x: 1, y:0);-1;1
4;[2](x: 1, y:2);0.5;1
4;[2](x: 2, y:0);-1;1
4;[2](x: 2, y:1);-1;1
4;[2](x: 2, y:2);0;0
3;[1](x: 1, y:2);1.5;4
4;[2](x: 0, y:0);-1;1
4;[2](x: 1, y:0);-1;1
4;[2](x: 1, y:1);1;1
4;[2](x: 2, y:0);0.5;1
4;[2](x: 2, y:1);0;0
4;[2](x: 2, y:2);0;0
3;[1](x: 2, y:0);1;3
4;[2](x: 0, y:0);-1;1
4;[2](x: 1, y:0);1;1
4;[2](x: 1, y:1);0;0
4;[2](x: 1, y:2);0;0
4;[2](x: 2, y:1);0;0
4;[2](x: 2, y:2);-1;1
3;[1](x: 2, y:1);3.5;4
4;[2](x: 0, y:0);-1;1
4;[2](x: 1, y:0);-1;1
4;[2](x: 1, y:1);-1;1
4;[2](x: 1, y:2);0;0
4;[2](x: 2, y:0);0;0
4;[2](x: 2, y:2);0;0
3;[1](x: 2, y:2);-1;1
4;[2](x: 0, y:0);0;0
4;[2](x: 1, y:0);0;0
4;[2](x: 1, y:1);0;0
4;[2](x: 1, y:2);0;0
4;[2](x: 2, y:0);0;0
4;[2](x: 2, y:1);1;1
2;[2](x: 1, y:0);-7;9
3;[1](x: 0, y:0);2;2
4;[2](x: 0, y:1);-1;1
4;[2](x: 1, y:1);0;0
4;[2](x: 1, y:2);0;0
4;[2](x: 2, y:0);0;0
4;[2](x: 2, y:1);0;0
4;[2](x: 2, y:2);-1;1
3;[1](x: 0, y:1);2;2
4;[2](x: 0, y:0);-1;1
4;[2](x: 1, y:1);-1;1
4;[2](x: 1, y:2);0;0
4;[2](x: 2, y:0);0;0
4;[2](x: 2, y:1);0;0
4;[2](x: 2, y:2);0;0
3;[1](x: 1, y:1);1;1
4;[2](x: 0, y:0);0;0
4;[2](x: 0, y:1);0;0
4;[2](x: 1, y:2);0;0
4;[2](x: 2, y:0);0;0
4;[2](x: 2, y:1);0;0
4;[2](x: 2, y:2);-1;1
3;[1](x: 1, y:2);1;1
3;[1](x: 2, y:0);-1;1
4;[2](x: 0, y:0);0;0
4;[2](x: 0, y:1);0;0
4;[2](x: 1, y:1);0;0
4;[2](x: 1, y:2);1;1
4;[2](x: 2, y:1);0;0
4;[2](x: 2, y:2);0;0
3;[1](x: 2, y:1);1;1
4;[2](x: 0, y:0);0;0
4;[2](x: 0, y:1);0;0
4;[2](x: 1, y:1);-1;1
4;[2](x: 1, y:2);0;0
4;[2](x: 2, y:0);0;0
4;[2](x: 2, y:2);0;0
3;[1](x: 2, y:2);1;1
4;[2](x: 0, y:0);0;0
4;[2](x: 0, y:1);0;0
4;[2](x: 1, y:1);0;0
4;[2](x: 1, y:2);0;0
4;[2](x: 2, y:0);0;0
4;[2](x: 2, y:1);-1;1
2;[2](x: 1, y:1);-6.5;25
3;[1](x: 0, y:0);4.5;7
4;[2](x: 0, y:1);0.5;1
4;[2](x: 1, y:0);-1;1
4;[2](x: 1, y:2);-1;1
4;[2](x: 2, y:0);-1;1
4;[2](x: 2, y:1);1;1
4;[2](x: 2, y:2);-1;1
3;[1](x: 0, y:1);-1;1
4;[2](x: 0, y:0);0;0
4;[2](x: 1, y:0);0;0
4;[2](x: 1, y:2);0;0
4;[2](x: 2, y:0);0;0
4;[2](x: 2, y:1);0;0
4;[2](x: 2, y:2);1;1
3;[1](x: 1, y:0);1.5;4
4;[2](x: 0, y:0);1;1
4;[2](x: 0, y:1);-1;1
4;[2](x: 1, y:2);-1;1
4;[2](x: 2, y:0);0.5;1
4;[2](x: 2, y:1);0;0
4;[2](x: 2, y:2);0;0
3;[1](x: 1, y:2);2;4
4;[2](x: 0, y:0);1;1
4;[2](x: 0, y:1);-1;1
4;[2](x: 1, y:0);-1;1
4;[2](x: 2, y:0);0;0
4;[2](x: 2, y:1);0;0
4;[2](x: 2, y:2);-1;1
3;[1](x: 2, y:0);-0.5;2
4;[2](x: 0, y:0);1;1
4;[2](x: 0, y:1);0;0
4;[2](x: 1, y:0);0;0
4;[2](x: 1, y:2);0.5;1
4;[2](x: 2, y:1);0;0
4;[2](x: 2, y:2);0;0
3;[1](x: 2, y:1);3;5
4;[2](x: 0, y:0);-1;1
4;[2](x: 0, y:1);-1;1
4;[2](x: 1, y:0);-1;1
4;[2](x: 1, y:2);-1;1
4;[2](x: 2, y:0);1;1
4;[2](x: 2, y:2);0;0
3;[1](x: 2, y:2);0;2
4;[2](x: 0, y:0);1;1
4;[2](x: 0, y:1);0;0
4;[2](x: 1, y:0);-1;1
4;[2](x: 1, y:2);0;0
4;[2](x: 2, y:0);0;0
4;[2](x: 2, y:1);0;0
2;[2](x: 1, y:2);-7.5;16
3;[1](x: 0, y:0);1.5;2
4;[2](x: 0, y:1);0.5;1
4;[2](x: 1, y:0);0;0
4;[2](x: 1, y:1);0;0
4;[2](x: 2, y:0);0;0
4;[2](x: 2, y:1);-1;1
4;[2](x: 2, y:2);0;0
3;[1](x: 0, y:1);1.5;2
4;[2](x: 0, y:0);-1;1
4;[2](x: 1, y:0);0;0
4;[2](x: 1, y:1);0;0
4;[2](x: 2, y:0);0;0
4;[2](x: 2, y:1);0.5;1
4;[2](x: 2, y:2);0;0
3;[1](x: 1, y:0);3;3
4;[2](x: 0, y:0);-1;1
4;[2](x: 0, y:1);-1;1
4;[2](x: 1, y:1);-1;1
4;[2](x: 2, y:0);0;0
4;[2](x: 2, y:1);0;0
4;[2](x: 2, y:2);0;0
3;[1](x: 1, y:1);3;3
4;[2](x: 0, y:0);-1;1
4;[2](x: 0, y:1);-1;1
4;[2](x: 1, y:0);0;0
4;[2](x: 2, y:0);0;0
4;[2](x: 2, y:1);0;0
4;[2](x: 2, y:2);0;0
3;[1](x: 2, y:0);-1;1
4;[2](x: 0, y:0);0;0
4;[2](x: 0, y:1);0;0
4;[2](x: 1, y:0);0;0
4;[2](x: 1, y:1);1;1
4;[2](x: 2, y:1);0;0
4;[2](x: 2, y:2);0;0
3;[1](x: 2, y:1);3;3
4;[2](x: 0, y:0);-1;1
4;[2](x: 0, y:1);-1;1
4;[2](x: 1, y:0);0;0
4;[2](x: 1, y:1);0;0
4;[2](x: 2, y:0);-1;1
4;[2](x: 2, y:2);0;0
3;[1](x: 2, y:2);-0.5;2
4;[2](x: 0, y:0);1;1
4;[2](x: 0, y:1);0;0
4;[2](x: 1, y:0);0;0
4;[2](x: 1, y:1);0;0
4;[2](x: 2, y:0);0.5;1
4;[2](x: 2, y:1);0;0
2;[2](x: 2, y:0);1.5;60
3;[1](x: 0, y:0);7.5;15
4;[2](x: 0, y:1);-1;4
4;[2](x: 1, y:0);-2;2
4;[2](x: 1, y:1);1;3
4;[2](x: 1, y:2);-1.5;3
4;[2](x: 2, y:1);-1;1
4;[2](x: 2, y:2);-1;1
3;[1](x: 0, y:1);2;9
4;[2](x: 0, y:0);1.5;2
4;[2](x: 1, y:0);-1;1
4;[2](x: 1, y:1);0;2
4;[2](x: 1, y:2);0.5;1
4;[2](x: 2, y:1);-1;1
4;[2](x: 2, y:2);0;2
3;[1](x: 1, y:0);1;8
4;[2](x: 0, y:0);-1;1
4;[2](x: 0, y:1);1.5;2
4;[2](x: 1, y:1);-1;1
4;[2](x: 1, y:2);0.5;1
4;[2](x: 2, y:1);-1;1
4;[2](x: 2, y:2);2;2
3;[1](x: 1, y:1);-1;6
4;[2](x: 0, y:0);0.5;1
4;[2](x: 0, y:1);-1;1
4;[2](x: 1, y:0);1;1
4;[2](x: 1, y:2);0.5;1
4;[2](x: 2, y:1);1;1
4;[2](x: 2, y:2);1;1
3;[1](x: 1, y:2);3;10
4;[2](x: 0, y:0);-1;1
4;[2](x: 0, y:1);0.5;3
4;[2](x: 1, y:0);-1;1
4;[2](x: 1, y:1);-1;1
4;[2](x: 2, y:1);-1;1
4;[2](x: 2, y:2);2.5;3
3;[1](x: 2, y:1);0.5;7
4;[2](x: 0, y:0);2;2
4;[2](x: 0, y:1);-1;1
4;[2](x: 1, y:0);-1;1
4;[2](x: 1, y:1);1;1
4;[2](x: 1, y:2);-1;1
4;[2](x: 2, y:2);0.5;1
3;[1](x: 2, y:2);-1.5;5
4;[2](x: 0, y:0);1;1
4;[2](x: 0, y:1);-1;1
4;[2](x: 1, y:0);1;1
4;[2](x: 1, y:1);1;1
4;[2](x: 1, y:2);0.5;1
4;[2](x: 2, y:1);0;0
2;[2](x: 2, y:1);-6.5;10
3;[1](x: 0, y:0);2;2
4;[2](x: 0, y:1);-1;1
4;[2](x: 1, y:0);-1;1
4;[2](x: 1, y:1);0;0
4;[2](x: 1, y:2);0;0
4;[2](x: 2, y:0);0;0
4;[2](x: 2, y:2);0;0
3;[1](x: 0, y:1);1.5;2
4;[2](x: 0, y:0);0.5;1
4;[2](x: 1, y:0);0;0
4;[2](x: 1, y:1);0;0
4;[2](x: 1, y:2);0;0
4;[2](x: 2, y:0);0;0
4;[2](x: 2, y:2);-1;1
3;[1](x: 1, y:0);2;2
4;[2](x: 0, y:0);-1;1
4;[2](x: 0, y:1);0;0
4;[2](x: 1, y:1);0;0
4;[2](x: 1, y:2);-1;1
4;[2](x: 2, y:0);0;0
4;[2](x: 2, y:2);0;0
3;[1](x: 1, y:1);1;1
4;[2](x: 0, y:0);0;0
4;[2](x: 0, y:1);0;0
4;[2](x: 1, y:0);0;0
4;[2](x: 1, y:2);0;0
4;[2](x: 2, y:0);0;0
4;[2](x: 2, y:2);-1;1
3;[1](x: 1, y:2);-1;1
3;[1](x: 2, y:0);1;1
4;[2](x: 0, y:0);0;0
4;[2](x: 0, y:1);-1;1
4;[2](x: 1, y:0);0;0
4;[2](x: 1, y:1);0;0
4;[2](x: 1, y:2);0;0
4;[2](x: 2, y:2);0;0
3;[1](x: 2, y:2);1;1
4;[2](x: 0, y:0);0;0
4;[2](x: 0, y:1);0;0
4;[2](x: 1, y:0);-1;1
4;[2](x: 1, y:1);0;0
4;[2](x: 1, y:2);0;0
4;[2](x: 2, y:0);0;0
2;[2](x: 2, y:2);-4.5;45
3;[1](x: 0, y:0);1;7
4;[2](x: 0, y:1);-1;1
4;[2](x: 1, y:0);-1;1
4;[2](x: 1, y:1);-1;1
4;[2](x: 1, y:2);-1;1
4;[2](x: 2, y:0);1;1
4;[2](x: 2, y:1);1;1
3;[1](x: 0, y:1);1;7
4;[2](x: 0, y:0);2;2
4;[2](x: 1, y:0);-1;1
4;[2](x: 1, y:1);-1;1
4;[2](x: 1, y:2);-1;1
4;[2](x: 2, y:0);-1;1
4;[2](x: 2, y:1);1;1
3;[1](x: 1, y:0);-1;5
4;[2](x: 0, y:0);1;1
4;[2](x: 0, y:1);-1;1
4;[2](x: 1, y:1);1;1
4;[2](x: 1, y:2);-1;1
4;[2](x: 2, y:0);1;1
4;[2](x: 2, y:1);0;0
3;[1](x: 1, y:1);8;15
4;[2](x: 0, y:0);-1;3
4;[2](x: 0, y:1);-1;3
4;[2](x: 1, y:0);-1;4
4;[2](x: 1, y:2);-2;2
4;[2](x: 2, y:0);0;2
4;[2](x: 2, y:1);-1;1
3;[1](x: 1, y:2);-2;2
4;[2](x: 0, y:0);1;1
4;[2](x: 0, y:1);1;1
4;[2](x: 1, y:0);0;0
4;[2](x: 1, y:1);0;0
4;[2](x: 2, y:0);0;0
4;[2](x: 2, y:1);0;0
3;[1](x: 2, y:0);1;5
4;[2](x: 0, y:0);1;1
4;[2](x: 0, y:1);1;1
4;[2](x: 1, y:0);-1;1
4;[2](x: 1, y:1);-1;1
4;[2](x: 1, y:2);-1;1
4;[2](x: 2, y:1);0;0
3;[1](x: 2, y:1);-0.5;4
4;[2](x: 0, y:0);1;1
4;[2](x: 0, y:1);-1;1
4;[2](x: 1, y:0);1;1
4;[2](x: 1, y:1);0;0
4;[2](x: 1, y:2);0;0
4;[2](x: 2, y:0);0.5;1
1;[1](x: 1, y:0);70.5;290
2;[2](x: 0, y:0);-4.5;32
3;[1](x: 0, y:1);1.5;5
4;[2](x: 0, y:2);0.5;1
4;[2](x: 1, y:1);0.5;1
4;[2](x: 1, y:2);-1;1
4;[2](x: 2, y:0);1;1
4;[2](x: 2, y:1);0.5;1
4;[2](x: 2, y:2);0;0
3;[1](x: 0, y:2);1.5;6
4;[2](x: 0, y:1);-1;1
4;[2](x: 1, y:1);-1;1
4;[2](x: 1, y:2);1;1
4;[2](x: 2, y:0);-1;1
4;[2](x: 2, y:1);0.5;1
4;[2](x: 2, y:2);1;1
3;[1](x: 1, y:1);6.5;9
4;[2](x: 0, y:1);-1;1
4;[2](x: 0, y:2);-1;3
4;[2](x: 1, y:2);-1;1
4;[2](x: 2, y:0);-1;1
4;[2](x: 2, y:1);-0.5;2
4;[2](x: 2, y:2);-1;1
3;[1](x: 1, y:2);1;3
4;[2](x: 0, y:1);-1;1
4;[2](x: 0, y:2);-1;1
4;[2](x: 1, y:1);0;0
4;[2](x: 2, y:0);1;1
4;[2](x: 2, y:1);0;0
4;[2](x: 2, y:2);0;0
3;[1](x: 2, y:0);-1;1
3;[1](x: 2, y:1);1;5
4;[2](x: 0, y:1);1;1
4;[2](x: 0, y:2);-1;1
4;[2](x: 1, y:1);-1;1
4;[2](x: 1, y:2);-1;1
4;[2](x: 2, y:0);1;1
4;[2](x: 2, y:2);0;0
3;[1](x: 2, y:2);-1;3
4;[2](x: 0, y:1);1;1
4;[2](x: 0, y:2);1;1
4;[2](x: 1, y:1);0;0
4;[2](x: 1, y:2);0;0
4;[2](x: 2, y:0);-1;1
4;[2](x: 2, y:1);0;0
2;[2](x: 0, y:1);-2;32
3;[1](x: 0, y:0);2.5;7
4;[2](x: 0, y:2);-1;1
4;[2](x: 1, y:1);-1;1
4;[2](x: 1, y:2);-1;1
4;[2](x: 2, y:0);0.5;1
4;[2](x: 2, y:1);2;2
4;[2](x: 2, y:2);-1;1
3;[1](x: 0, y:2);4;7
4;[2](x: 0, y:0);-1;1
4;[2](x: 1, y:1);1.5;2
4;[2](x: 1, y:2);-1;1
4;[2](x: 2, y:0);-1;1
4;[2](x: 2, y:1);-1;1
4;[2](x: 2, y:2);0.5;1
3;[1](x: 1, y:1);0.5;5
4;[2](x: 0, y:0);0.5;1
4;[2](x: 0, y:2);1;1
4;[2](x: 1, y:2);-1;1
4;[2](x: 2, y:0);1;1
4;[2](x: 2, y:1);0;0
4;[2](x: 2, y:2);-1;1
3;[1](x: 1, y:2);0;4
4;[2](x: 0, y:0);-1;1
4;[2](x: 0, y:2);1;1
4;[2](x: 1, y:1);0;0
4;[2](x: 2, y:0);-1;1
4;[2](x: 2, y:1);0;0
4;[2](x: 2, y:2);0;0
3;[1](x: 2, y:0);-2;2
4;[2](x: 0, y:0);1;1
4;[2](x: 0, y:2);1;1
4;[2](x: 1, y:1);0;0
4;[2](x: 1, y:2);0;0
4;[2](x: 2, y:1);0;0
4;[2](x: 2, y:2);0;0
3;[1](x: 2, y:1);2;6
4;[2](x: 0, y:0);-1;1
4;[2](x: 0, y:2);-1;1
4;[2](x: 1, y:1);1;1
4;[2](x: 1, y:2);-1;1
4;[2](x: 2, y:0);-1;1
4;[2](x: 2, y:2);1;1
3;[1](x: 2, y:2);-1;1
4;[2](x: 0, y:0);0;0
4;[2](x: 0, y:2);0;0
4;[2](x: 1, y:1);0;0
4;[2](x: 1, y:2);1;1
4;[2](x: 2, y:0);0;0
4;[2](x: 2, y:1);0;0
2;[2](x: 0, y:2);0.5;53
3;[1](x: 0, y:0);0;8
4;[2](x: 0, y:1);-1;1
4;[2](x: 1, y:1);2;2
4;[2](x: 1, y:2);-1;1
4;[2](x: 2, y:0);2;2
4;[2](x: 2, y:1);-1;1
4;[2](x: 2, y:2);-1;1
3;[1](x: 0, y:1);-2;2
4;[2](x: 0, y:0);1;1
4;[2](x: 1, y:1);0;0
4;[2](x: 1, y:2);1;1
4;[2](x: 2, y:0);0;0
4;[2](x: 2, y:1);0;0
4;[2](x: 2, y:2);0;0
3;[1](x: 1, y:1);9.5;23
4;[2](x: 0, y:0);0;7
4;[2](x: 0, y:1);-2;2
4;[2](x: 1, y:2);-0.5;6
4;[2](x: 2, y:0);-2;2
4;[2](x: 2, y:1);-2;2
4;[2](x: 2, y:2);0;4
3;[1](x: 1, y:2);0;8
4;[2](x: 0, y:0);-1;1
4;[2](x: 0, y:1);-1;1
4;[2](x: 1, y:1);-1;1
4;[2](x: 2, y:0);2;2
4;[2](x: 2, y:1);2;2
4;[2](x: 2, y:2);-1;1
3;[1](x: 2, y:0);-2;2
4;[2](x: 0, y:0);1;1
4;[2](x: 0, y:1);1;1
4;[2](x: 1, y:1);0;0
4;[2](x: 1, y:2);0;0
4;[2](x: 2, y:1);0;0
4;[2](x: 2, y:2);0;0
3;[1](x: 2, y:1);-2;2
4;[2](x: 0, y:0);1;1
4;[2](x: 0, y:1);0;0
4;[2](x: 1, y:1);1;1
4;[2](x: 1, y:2);0;0
4;[2](x: 2, y:0);0;0
4;[2](x: 2, y:2);0;0
3;[1](x: 2, y:2);1;8
4;[2](x: 0, y:0);0.5;1
4;[2](x: 0, y:1);0;2
4;[2](x: 1, y:1);-1;1
4;[2](x: 1, y:2);0.5;1
4;[2](x: 2, y:0);1;1
4;[2](x: 2, y:1);1;1
2;[2](x: 1, y:1);-4;32
3;[1](x: 0, y:0);0;4
4;[2](x: 0, y:1);1;1
4;[2](x: 0, y:2);-1;1
4;[2](x: 1, y:2);1;1
4;[2](x: 2, y:0);0;0
4;[2](x: 2, y:1);0;0
4;[2](x: 2, y:2);-1;1
3;[1](x: 0, y:1);2;5
4;[2](x: 0, y:0);0.5;1
4;[2](x: 0, y:2);-1;1
4;[2](x: 1, y:2);0.5;1
4;[2](x: 2, y:0);1;1
4;[2](x: 2, y:1);0;0
4;[2](x: 2, y:2);-1;1
3;[1](x: 0, y:2);2;5
4;[2](x: 0, y:0);0.5;1
4;[2](x: 0, y:1);-1;1
4;[2](x: 1, y:2);-1;1
4;[2](x: 2, y:0);1;1
4;[2](x: 2, y:1);0;0
4;[2](x: 2, y:2);0;0
3;[1](x: 1, y:2);2;5
4;[2](x: 0, y:0);-1;1
4;[2](x: 0, y:1);0.5;1
4;[2](x: 0, y:2);0.5;1
4;[2](x: 2, y:0);-1;1
4;[2](x: 2, y:1);1;1
4;[2](x: 2, y:2);0;0
3;[1](x: 2, y:0);2;4
4;[2](x: 0, y:0);1;1
4;[2](x: 0, y:1);-1;1
4;[2](x: 0, y:2);-1;1
4;[2](x: 1, y:2);-1;1
4;[2](x: 2, y:1);0;0
4;[2](x: 2, y:2);0;0
3;[1](x: 2, y:1);1;3
4;[2](x: 0, y:0);1;1
4;[2](x: 0, y:1);-1;1
4;[2](x: 0, y:2);-1;1
4;[2](x: 1, y:2);0;0
4;[2](x: 2, y:0);0;0
4;[2](x: 2, y:2);0;0
3;[1](x: 2, y:2);2.5;5
4;[2](x: 0, y:0);0.5;1
4;[2](x: 0, y:1);-1;1
4;[2](x: 0, y:2);-1;1
4;[2](x: 1, y:2);-1;1
4;[2](x: 2, y:0);1;1
4;[2](x: 2, y:1);0;0
2;[2](x: 1, y:2);-6;24
3;[1](x: 0, y:0);0;2
4;[2](x: 0, y:1);-1;1
4;[2](x: 0, y:2);1;1
4;[2](x: 1, y:1);0;0
4;[2](x: 2, y:0);0;0
4;[2](x: 2, y:1);0;0
4;[2](x: 2, y:2);0;0
3;[1](x: 0, y:1);1.5;4
4;[2](x: 0, y:0);0.5;1
4;[2](x: 0, y:2);-1;1
4;[2](x: 1, y:1);-1;1
4;[2](x: 2, y:0);1;1
4;[2](x: 2, y:1);0;0
4;[2](x: 2, y:2);0;0
3;[1](x: 0, y:2);1.5;4
4;[2](x: 0, y:0);0.5;1
4;[2](x: 0, y:1);-1;1
4;[2](x: 1, y:1);1;1
4;[2](x: 2, y:0);0;0
4;[2](x: 2, y:1);0;0
4;[2](x: 2, y:2);0;0
3;[1](x: 1, y:1);1;3
4;[2](x: 0, y:0);-1;1
4;[2](x: 0, y:1);-1;1
4;[2](x: 0, y:2);1;1
4;[2](x: 2, y:0);0;0
4;[2](x: 2, y:1);0;0
4;[2](x: 2, y:2);0;0
3;[1](x: 2, y:0);2;4
4;[2](x: 0, y:0);-1;1
4;[2](x: 0, y:1);-1;1
4;[2](x: 0, y:2);-1;1
4;[2](x: 1, y:1);1;1
4;[2](x: 2, y:1);0;0
4;[2](x: 2, y:2);0;0
3;[1](x: 2, y:1);-1;1
4;[2](x: 0, y:0);0;0
4;[2](x: 0, y:1);0;0
4;[2](x: 0, y:2);0;0
4;[2](x: 1, y:1);1;1
4;[2](x: 2, y:0);0;0
4;[2](x: 2, y:2);0;0
3;[1](x: 2, y:2);5;6
4;[2](x: 0, y:0);0.5;1
4;[2](x: 0, y:1);-1;1
4;[2](x: 0, y:2);-1;1
4;[2](x: 1, y:1);-1;1
4;[2](x: 2, y:0);0.5;1
4;[2](x: 2, y:1);-1;1
2;[2](x: 2, y:0);-1.5;45
3;[1](x: 0, y:0);-2;2
4;[2](x: 0, y:1);1;1
4;[2](x: 0, y:2);0;0
4;[2](x: 1, y:1);0;0
4;[2](x: 1, y:2);1;1
4;[2](x: 2, y:1);0;0
4;[2](x: 2, y:2);0;0
3;[1](x: 0, y:1);-1;3
4;[2](x: 0, y:0);1;1
4;[2](x: 0, y:2);1;1
4;[2](x: 1, y:1);0;0
4;[2](x: 1, y:2);0;0
4;[2](x: 2, y:1);-1;1
4;[2](x: 2, y:2);0;0
3;[1](x: 0, y:2);1;6
4;[2](x: 0, y:0);-1;1
4;[2](x: 0, y:1);0.5;1
4;[2](x: 1, y:1);-1;1
4;[2](x: 1, y:2);0.5;1
4;[2](x: 2, y:1);1;1
4;[2](x: 2, y:2);1;1
3;[1](x: 1, y:1);6;10
4;[2](x: 0, y:0);-1;1
4;[2](x: 0, y:1);-0.5;2
4;[2](x: 0, y:2);-1;1
4;[2](x: 1, y:2);2;3
4;[2](x: 2, y:1);-0.5;2
4;[2](x: 2, y:2);-1;1
3;[1](x: 1, y:2);0.5;5
4;[2](x: 0, y:0);-1;1
4;[2](x: 0, y:1);0.5;1
4;[2](x: 0, y:2);-1;1
4;[2](x: 1, y:1);1;1
4;[2](x: 2, y:1);1;1
4;[2](x: 2, y:2);0;0
3;[1](x: 2, y:1);1.5;7
4;[2](x: 0, y:0);-1;1
4;[2](x: 0, y:1);0.5;1
4;[2](x: 0, y:2);-1;1
4;[2](x: 1, y:1);0.5;1
4;[2](x: 1, y:2);0.5;1
4;[2](x: 2, y:2);1;1
3;[1](x: 2, y:2);8.5;12
4;[2](x: 0, y:0);0;3
4;[2](x: 0, y:1);-1;1
4;[2](x: 0, y:2);-1;3
4;[2](x: 1, y:1);-1;1
4;[2](x: 1, y:2);-1.5;3
4;[2](x: 2, y:1);-1;1
2;[2](x: 2, y:1);-4;31
3;[1](x: 0, y:0);-1;1
4;[2](x: 0, y:1);0;0
4;[2](x: 0, y:2);0;0
4;[2](x: 1, y:1);0;0
4;[2](x: 1, y:2);0;0
4;[2](x: 2, y:0);1;1
4;[2](x: 2, y:2);0;0
3;[1](x: 0, y:1);-0.5;2
4;[2](x: 0, y:0);1;1
4;[2](x: 0, y:2);0;0
4;[2](x: 1, y:1);0.5;1
4;[2](x: 1, y:2);0;0
4;[2](x: 2, y:0);0;0
4;[2](x: 2, y:2);0;0
3;[1](x: 0, y:2);0.5;5
4;[2](x: 0, y:0);0.5;1
4;[2](x: 0, y:1);-1;1
4;[2](x: 1, y:1);1;1
4;[2](x: 1, y:2);-1;1
4;[2](x: 2, y:0);1;1
4;[2](x: 2, y:2);0;0
3;[1](x: 1, y:1);-0.5;2
4;[2](x: 0, y:0);0;0
4;[2](x: 0, y:1);0;0
4;[2](x: 0, y:2);0;0
4;[2](x: 1, y:2);0;0
4;[2](x: 2, y:0);0;0
4;[2](x: 2, y:2);1;1
3;[1](x: 1, y:2);0;4
4;[2](x: 0, y:0);1;1
4;[2](x: 0, y:1);-1;1
4;[2](x: 0, y:2);-1;1
4;[2](x: 1, y:1);1;1
4;[2](x: 2, y:0);0;0
4;[2](x: 2, y:2);0;0
3;[1](x: 2, y:0);9;12
4;[2](x: 0, y:0);-1.5;3
4;[2](x: 0, y:1);-2;2
4;[2](x: 0, y:2);-1.5;3
4;[2](x: 1, y:1);0;2
4;[2](x: 1, y:2);-1;1
4;[2](x: 2, y:2);-1;1
3;[1](x: 2, y:2);2.5;5
4;[2](x: 0, y:0);-1;1
4;[2](x: 0, y:1);1;1
4;[2](x: 0, y:2);0.5;1
4;[2](x: 1, y:1);-1;1
4;[2](x: 1, y:2);-1;1
4;[2](x: 2, y:0);0;0
2;[2](x: 2, y:2);-2;41
3;[1](x: 0, y:0);0.5;7
4;[2](x: 0, y:1);0.5;1
4;[2](x: 0, y:2);2;2
4;[2](x: 1, y:1);-1;1
4;[2](x: 1, y:2);-1;1
4;[2](x: 2, y:0);1;1
4;[2](x: 2, y:1);-1;1
3;[1](x: 0, y:1);-2;2
4;[2](x: 0, y:0);1;1
4;[2](x: 0, y:2);1;1
4;[2](x: 1, y:1);0;0
4;[2](x: 1, y:2);0;0
4;[2](x: 2, y:0);0;0
4;[2](x: 2, y:1);0;0
3;[1](x: 0, y:2);1;7
4;[2](x: 0, y:0);-1;1
4;[2](x: 0, y:1);-1;1
4;[2](x: 1, y:1);2;2
4;[2](x: 1, y:2);-1;1
4;[2](x: 2, y:0);1;1
4;[2](x: 2, y:1);-1;1
3;[1](x: 1, y:1);7;13
4;[2](x: 0, y:0);-2;2
4;[2](x: 0, y:1);-2;2
4;[2](x: 0, y:2);-1;1
4;[2](x: 1, y:2);-1;1
4;[2](x: 2, y:0);-1;1
4;[2](x: 2, y:1);1;5
3;[1](x: 1, y:2);-1;3
4;[2](x: 0, y:0);1;1
4;[2](x: 0, y:1);-1;1
4;[2](x: 0, y:2);1;1
4;[2](x: 1, y:1);0;0
4;[2](x: 2, y:0);0;0
4;[2](x: 2, y:1);0;0
3;[1](x: 2, y:0);-2;2
4;[2](x: 0, y:0);1;1
4;[2](x: 0, y:1);1;1
4;[2](x: 0, y:2);0;0
4;[2](x: 1, y:1);0;0
4;[2](x: 1, y:2);0;0
4;[2](x: 2, y:1);0;0
3;[1](x: 2, y:1);0.5;7
4;[2](x: 0, y:0);2;2
4;[2](x: 0, y:1);0.5;1
4;[2](x: 0, y:2);-1;1
4;[2](x: 1, y:1);-1;1
4;[2](x: 1, y:2);-1;1
4;[2](x: 2, y:0);1;1
1;[1](x: 1, y:1);22950;46292
2;[2](x: 0, y:0);21498.5;45434
3;[1](x: 0, y:1);4070.5;8135
4;[2](x: 0, y:2);-9;20
4;[2](x: 1, y:0);-8;8
4;[2](x: 1, y:2);-9;21
4;[2](x: 2, y:0);-9;20
4;[2](x: 2, y:1);3849.5;8058
4;[2](x: 2, y:2);-8;8
3;[1](x: 0, y:2);3330.5;6725
4;[2](x: 0, y:1);-8;8
4;[2](x: 1, y:0);-9;17
4;[2](x: 1, y:2);-8.5;19
4;[2](x: 2, y:0);3272.5;6661
4;[2](x: 2, y:1);-8.5;10
4;[2](x: 2, y:2);-8;10
3;[1](x: 1, y:0);3907.5;7825
4;[2](x: 0, y:1);-10;16
4;[2](x: 0, y:2);-10;18
4;[2](x: 1, y:2);3686.5;7731
4;[2](x: 2, y:0);-10;20
4;[2](x: 2, y:1);-11;24
4;[2](x: 2, y:2);-10;16
3;[1](x: 1, y:2);2482.5;5099
4;[2](x: 0, y:1);-8;16
4;[2](x: 0, y:2);-8.5;16
4;[2](x: 1, y:0);2471.5;5029
4;[2](x: 2, y:0);-8;16
4;[2](x: 2, y:1);-8.5;12
4;[2](x: 2, y:2);-8;10
3;[1](x: 2, y:0);3308;6682
4;[2](x: 0, y:1);-9;17
4;[2](x: 0, y:2);3244.5;6605
4;[2](x: 1, y:0);-8;10
4;[2](x: 1, y:2);-8.5;20
4;[2](x: 2, y:1);-9;14
4;[2](x: 2, y:2);-9;15
3;[1](x: 2, y:1);2549;5227
4;[2](x: 0, y:1);2535.5;5158
4;[2](x: 0, y:2);-8;16
4;[2](x: 1, y:0);-8;14
4;[2](x: 1, y:2);-8;12
4;[2](x: 2, y:0);-8.5;19
4;[2](x: 2, y:2);-8;8
3;[1](x: 2, y:2);2816.5;5741
4;[2](x: 0, y:1);-6;36
4;[2](x: 0, y:2);2732.5;5577
4;[2](x: 1, y:0);-8;26
4;[2](x: 1, y:2);-8;22
4;[2](x: 2, y:0);-4.5;41
4;[2](x: 2, y:1);-5.5;39
2;[2](x: 0, y:1);-39;67
3;[1](x: 0, y:0);13;15
4;[2](x: 0, y:2);-1.5;3
4;[2](x: 1, y:0);-1.5;3
4;[2](x: 1, y:2);-2;2
4;[2](x: 2, y:0);-2;2
4;[2](x: 2, y:1);-2;2
4;[2](x: 2, y:2);0;3
3;[1](x: 0, y:2);16;17
4;[2](x: 0, y:0);-3;3
4;[2](x: 1, y:0);-2;2
4;[2](x: 1, y:2);-2;2
4;[2](x: 2, y:0);-2.5;4
4;[2](x: 2, y:1);-2;2
4;[2](x: 2, y:2);-2.5;4
3;[1](x: 1, y:0);9.5;12
4;[2](x: 0, y:0);-1;3
4;[2](x: 0, y:2);-2;2
4;[2](x: 1, y:2);-2;2
4;[2](x: 2, y:0);-1;1
4;[2](x: 2, y:1);-1;1
4;[2](x: 2, y:2);-1.5;3
3;[1](x: 1, y:2);9.5;12
4;[2](x: 0, y:0);-2;2
4;[2](x: 0, y:2);-2;2
4;[2](x: 1, y:0);-1;1
4;[2](x: 2, y:0);-0.5;4
4;[2](x: 2, y:1);-1;1
4;[2](x: 2, y:2);-1;1
3;[1](x: 2, y:0);-1;3
4;[2](x: 0, y:0);1;1
4;[2](x: 0, y:2);1;1
4;[2](x: 1, y:0);0;0
4;[2](x: 1, y:2);0;0
4;[2](x: 2, y:1);-1;1
4;[2](x: 2, y:2);0;0
3;[1](x: 2, y:1);-1;3
4;[2](x: 0, y:0);1;1
4;[2](x: 0, y:2);1;1
4;[2](x: 1, y:0);0;0
4;[2](x: 1, y:2);0;0
4;[2](x: 2, y:0);-1;1
4;[2](x: 2, y:2);0;0
3;[1](x: 2, y:2);1;5
4;[2](x: 0, y:0);1;1
4;[2](x: 0, y:2);-1;1
4;[2](x: 1, y:0);-1;1
4;[2](x: 1, y:2);-1;1
4;[2](x: 2, y:0);1;1
4;[2](x: 2, y:1);0;0
2;[2](x: 0, y:2);-95;287
3;[1](x: 0, y:0);31.5;59
4;[2](x: 0, y:1);-4;6
4;[2](x: 1, y:0);-3.5;10
4;[2](x: 1, y:2);-4;8
4;[2](x: 2, y:0);-4;8
4;[2](x: 2, y:1);-4.5;6
4;[2](x: 2, y:2);-0.5;21
3;[1](x: 0, y:1);41;67
4;[2](x: 0, y:0);-5;12
4;[2](x: 1, y:0);-5;5
4;[2](x: 1, y:2);-5;10
4;[2](x: 2, y:0);-5;5
4;[2](x: 2, y:1);-4.5;18
4;[2](x: 2, y:2);-4.5;17
3;[1](x: 1, y:0);18.5;41
4;[2](x: 0, y:0);-3;3
4;[2](x: 0, y:1);-3;11
4;[2](x: 1, y:2);-1;7
4;[2](x: 2, y:0);-3;3
4;[2](x: 2, y:1);-3.5;5
4;[2](x: 2, y:2);-3;11
3;[1](x: 1, y:2);45.5;77
4;[2](x: 0, y:0);-3;9
4;[2](x: 0, y:1);-5.5;13
4;[2](x: 1, y:0);-5.5;22
4;[2](x: 2, y:0);-5;7
4;[2](x: 2, y:1);-6;11
4;[2](x: 2, y:2);-5.5;15
3;[1](x: 2, y:0);1.5;15
4;[2](x: 0, y:0);1.5;4
4;[2](x: 0, y:1);1;3
4;[2](x: 1, y:0);-1;1
4;[2](x: 1, y:2);0;2
4;[2](x: 2, y:1);1;4
4;[2](x: 2, y:2);-1;1
3;[1](x: 2, y:1);1;15
4;[2](x: 0, y:0);0;2
4;[2](x: 0, y:1);-1;1
4;[2](x: 1, y:0);-1;1
4;[2](x: 1, y:2);1;5
4;[2](x: 2, y:0);-1;1
4;[2](x: 2, y:2);1;5
3;[1](x: 2, y:2);0;13
4;[2](x: 0, y:0);5.5;6
4;[2](x: 0, y:1);-1;1
4;[2](x: 1, y:0);-1;1
4;[2](x: 1, y:2);-1;1
4;[2](x: 2, y:0);0;2
4;[2](x: 2, y:1);-0.5;2
2;[2](x: 1, y:0);-69;175
3;[1](x: 0, y:0);18;30
4;[2](x: 0, y:1);-2;2
4;[2](x: 0, y:2);-1;7
4;[2](x: 1, y:2);-2;2
4;[2](x: 2, y:0);-2;2
4;[2](x: 2, y:1);-1.5;5
4;[2](x: 2, y:2);2.5;12
3;[1](x: 0, y:1);13;26
4;[2](x: 0, y:0);-2.5;4
4;[2](x: 0, y:2);-3;3
4;[2](x: 1, y:2);-2;8
4;[2](x: 2, y:0);1;5
4;[2](x: 2, y:1);-2.5;4
4;[2](x: 2, y:2);-2;2
3;[1](x: 0, y:2);10;21
4;[2](x: 0, y:0);-2;4
4;[2](x: 0, y:1);-2;2
4;[2](x: 1, y:2);-2;2
4;[2](x: 2, y:0);2;9
4;[2](x: 2, y:1);-2;2
4;[2](x: 2, y:2);-2;2
3;[1](x: 1, y:2);3;13
4;[2](x: 0, y:0);-1;1
4;[2](x: 0, y:1);0;2
4;[2](x: 0, y:2);-0.5;2
4;[2](x: 2, y:0);3.5;4
4;[2](x: 2, y:1);-1;1
4;[2](x: 2, y:2);-0.5;2
3;[1](x: 2, y:0);30;43
4;[2](x: 0, y:0);-4;11
4;[2](x: 0, y:1);-4;7
4;[2](x: 0, y:2);-3.5;9
4;[2](x: 1, y:2);-4;4
4;[2](x: 2, y:1);-4;4
4;[2](x: 2, y:2);-4.5;8
3;[1](x: 2, y:1);14.5;23
4;[2](x: 0, y:0);-1;9
4;[2](x: 0, y:1);-2.5;4
4;[2](x: 0, y:2);-3;3
4;[2](x: 1, y:2);-3;3
4;[2](x: 2, y:0);-2;2
4;[2](x: 2, y:2);-2;2
3;[1](x: 2, y:2);8.5;19
4;[2](x: 0, y:0);0.5;5
4;[2](x: 0, y:1);-2;2
4;[2](x: 0, y:2);-2;2
4;[2](x: 1, y:2);-2;2
4;[2](x: 2, y:0);0;6
4;[2](x: 2, y:1);-2;2
2;[2](x: 1, y:2);-29;41
3;[1](x: 0, y:0);0;2
4;[2](x: 0, y:1);-1;1
4;[2](x: 0, y:2);1;1
4;[2](x: 1, y:0);0;0
4;[2](x: 2, y:0);0;0
4;[2](x: 2, y:1);0;0
4;[2](x: 2, y:2);0;0
3;[1](x: 0, y:1);7.5;8
4;[2](x: 0, y:0);-1.5;3
4;[2](x: 0, y:2);-1;1
4;[2](x: 1, y:0);-1;1
4;[2](x: 2, y:0);-1;1
4;[2](x: 2, y:1);-1;1
4;[2](x: 2, y:2);-1;1
3;[1](x: 0, y:2);5;6
4;[2](x: 0, y:0);0.5;1
4;[2](x: 0, y:1);-1;1
4;[2](x: 1, y:0);-1;1
4;[2](x: 2, y:0);-1;1
4;[2](x: 2, y:1);-1;1
4;[2](x: 2, y:2);0.5;1
3;[1](x: 1, y:0);1;3
4;[2](x: 0, y:0);-1;1
4;[2](x: 0, y:1);-1;1
4;[2](x: 0, y:2);1;1
4;[2](x: 2, y:0);0;0
4;[2](x: 2, y:1);0;0
4;[2](x: 2, y:2);0;0
3;[1](x: 2, y:0);4;6
4;[2](x: 0, y:0);-1;1
4;[2](x: 0, y:1);-1;1
4;[2](x: 0, y:2);-1;1
4;[2](x: 1, y:0);-1;1
4;[2](x: 2, y:1);-1;1
4;[2](x: 2, y:2);1;1
3;[1](x: 2, y:1);9;9
4;[2](x: 0, y:0);-2;2
4;[2](x: 0, y:1);-2;2
4;[2](x: 0, y:2);-2;2
4;[2](x: 1, y:0);-1;1
4;[2](x: 2, y:0);-1;1
4;[2](x: 2, y:2);-1;1
3;[1](x: 2, y:2);6.5;7
4;[2](x: 0, y:0);-1;1
4;[2](x: 0, y:1);-1;1
4;[2](x: 0, y:2);-1;1
4;[2](x: 1, y:0);-1;1
4;[2](x: 2, y:0);-1;1
4;[2](x: 2, y:1);0.5;1
2;[2](x: 2, y:0);-50;104
3;[1](x: 0, y:0);8.5;15
4;[2](x: 0, y:1);-2;2
4;[2](x: 0, y:2);-1;3
4;[2](x: 1, y:0);-1;3
4;[2](x: 1, y:2);-2;2
4;[2](x: 2, y:1);0;2
4;[2](x: 2, y:2);-1.5;3
3;[1](x: 0, y:1);1;7
4;[2](x: 0, y:0);1;1
4;[2](x: 0, y:2);-1;1
4;[2](x: 1, y:0);1;1
4;[2](x: 1, y:2);-1;1
4;[2](x: 2, y:1);1;1
4;[2](x: 2, y:2);-1;1
3;[1](x: 0, y:2);7.5;15
4;[2](x: 0, y:0);-1.5;3
4;[2](x: 0, y:1);-1;1
4;[2](x: 1, y:0);-1;1
4;[2](x: 1, y:2);-1.5;3
4;[2](x: 2, y:1);-1;3
4;[2](x: 2, y:2);1.5;4
3;[1](x: 1, y:0);6.5;13
4;[2](x: 0, y:0);-2;2
4;[2](x: 0, y:1);0.5;3
4;[2](x: 0, y:2);-1;3
4;[2](x: 1, y:2);-1;1
4;[2](x: 2, y:1);-1;1
4;[2](x: 2, y:2);-1;3
3;[1](x: 1, y:2);5.5;12
4;[2](x: 0, y:0);0;2
4;[2](x: 0, y:1);-0.5;4
4;[2](x: 0, y:2);-1;1
4;[2](x: 1, y:0);-1;3
4;[2](x: 2, y:1);-1;1
4;[2](x: 2, y:2);-1;1
3;[1](x: 2, y:1);15.5;22
4;[2](x: 0, y:0);-3;3
4;[2](x: 0, y:1);-3;5
4;[2](x: 0, y:2);-3;3
4;[2](x: 1, y:0);-2;4
4;[2](x: 1, y:2);-1.5;3
4;[2](x: 2, y:2);-2;4
3;[1](x: 2, y:2);13.5;20
4;[2](x: 0, y:0);-2;8
4;[2](x: 0, y:1);-2;2
4;[2](x: 0, y:2);-2;2
4;[2](x: 1, y:0);-2;2
4;[2](x: 1, y:2);-2.5;4
4;[2](x: 2, y:1);-2;2
2;[2](x: 2, y:1);-29.5;42
3;[1](x: 0, y:0);9;9
4;[2](x: 0, y:1);-2;2
4;[2](x: 0, y:2);-2;2
4;[2](x: 1, y:0);-2;2
4;[2](x: 1, y:2);-1;1
4;[2](x: 2, y:0);-1;1
4;[2](x: 2, y:2);-1;1
3;[1](x: 0, y:1);-0.5;2
4;[2](x: 0, y:0);1;1
4;[2](x: 0, y:2);0.5;1
4;[2](x: 1, y:0);0;0
4;[2](x: 1, y:2);0;0
4;[2](x: 2, y:0);0;0
4;[2](x: 2, y:2);0;0
3;[1](x: 0, y:2);3;5
4;[2](x: 0, y:0);-1;1
4;[2](x: 0, y:1);-1;1
4;[2](x: 1, y:0);-1;1
4;[2](x: 1, y:2);-1;1
4;[2](x: 2, y:0);1;1
4;[2](x: 2, y:2);0;0
3;[1](x: 1, y:0);7.5;8
4;[2](x: 0, y:0);-1;1
4;[2](x: 0, y:1);-1;1
4;[2](x: 0, y:2);-1;1
4;[2](x: 1, y:2);-1;1
4;[2](x: 2, y:0);-0.5;2
4;[2](x: 2, y:2);-1;1
3;[1](x: 1, y:2);2.5;5
4;[2](x: 0, y:0);-1;1
4;[2](x: 0, y:1);-1;1
4;[2](x: 0, y:2);-1;1
4;[2](x: 1, y:0);0.5;1
4;[2](x: 2, y:0);1;1
4;[2](x: 2, y:2);0;0
3;[1](x: 2, y:0);9;9
4;[2](x: 0, y:0);-2;2
4;[2](x: 0, y:1);-2;2
4;[2](x: 0, y:2);-2;2
4;[2](x: 1, y:0);-1;1
4;[2](x: 1, y:2);-1;1
4;[2](x: 2, y:2);-1;1
3;[1](x: 2, y:2);1;3
4;[2](x: 0, y:0);-1;1
4;[2](x: 0, y:1);1;1
4;[2](x: 0, y:2);0;0
4;[2](x: 1, y:0);0;0
4;[2](x: 1, y:2);-1;1
4;[2](x: 2, y:0);0;0
2;[2](x: 2, y:2);-61;142
3;[1](x: 0, y:0);4.5;13
4;[2](x: 0, y:1);2.5;4
4;[2](x: 0, y:2);-1;1
4;[2](x: 1, y:0);-1;1
4;[2](x: 1, y:2);1.5;4
4;[2](x: 2, y:0);-0.5;2
4;[2](x: 2, y:1);-1;1
3;[1](x: 0, y:1);-1;5
4;[2](x: 0, y:0);1;1
4;[2](x: 0, y:2);-1;1
4;[2](x: 1, y:0);-1;1
4;[2](x: 1, y:2);1;1
4;[2](x: 2, y:0);1;1
4;[2](x: 2, y:1);0;0
3;[1](x: 0, y:2);20.5;32
4;[2](x: 0, y:0);-3;3
4;[2](x: 0, y:1);-3.5;5
4;[2](x: 1, y:0);-1.5;7
4;[2](x: 1, y:2);-3.5;5
4;[2](x: 2, y:0);-3;9
4;[2](x: 2, y:1);-3;3
3;[1](x: 1, y:0);0;8
4;[2](x: 0, y:0);-1;1
4;[2](x: 0, y:1);-1;1
4;[2](x: 0, y:2);-1;1
4;[2](x: 1, y:2);2;2
4;[2](x: 2, y:0);-1;1
4;[2](x: 2, y:1);2;2
3;[1](x: 1, y:2);16;25
4;[2](x: 0, y:0);-3;3
4;[2](x: 0, y:1);-3;3
4;[2](x: 0, y:2);-3;3
4;[2](x: 1, y:0);-1;8
4;[2](x: 2, y:0);-2;2
4;[2](x: 2, y:1);-2;6
3;[1](x: 2, y:0);6;15
4;[2](x: 0, y:0);-2;2
4;[2](x: 0, y:1);0;2
4;[2](x: 0, y:2);1;6
4;[2](x: 1, y:0);-1;1
4;[2](x: 1, y:2);-1;3
4;[2](x: 2, y:1);-1;1
3;[1](x: 2, y:1);33;44
4;[2](x: 0, y:0);-5;7
4;[2](x: 0, y:1);-4.5;6
4;[2](x: 0, y:2);-3;5
4;[2](x: 1, y:0);-5;8
4;[2](x: 1, y:2);-5.5;11
4;[2](x: 2, y:0);-4.5;6
1;[1](x: 1, y:2);18;142
2;[2](x: 0, y:0);-3;13
3;[1](x: 0, y:1);-1;1
4;[2](x: 0, y:2);0;0
4;[2](x: 1, y:0);0;0
4;[2](x: 1, y:1);0;0
4;[2](x: 2, y:0);0;0
4;[2](x: 2, y:1);1;1
4;[2](x: 2, y:2);0;0
3;[1](x: 0, y:2);0;2
4;[2](x: 0, y:1);-1;1
4;[2](x: 1, y:0);1;1
4;[2](x: 1, y:1);0;0
4;[2](x: 2, y:0);0;0
4;[2](x: 2, y:1);0;0
4;[2](x: 2, y:2);0;0
3;[1](x: 1, y:0);-1;1
4;[2](x: 0, y:1);0;0
4;[2](x: 0, y:2);0;0
4;[2](x: 1, y:1);0;0
4;[2](x: 2, y:0);1;1
4;[2](x: 2, y:1);0;0
4;[2](x: 2, y:2);0;0
3;[1](x: 1, y:1);3;3
4;[2](x: 0, y:1);-1;1
4;[2](x: 0, y:2);-1;1
4;[2](x: 1, y:0);-1;1
4;[2](x: 2, y:0);0;0
4;[2](x: 2, y:1);0;0
4;[2](x: 2, y:2);0;0
3;[1](x: 2, y:0);-1;1
4;[2](x: 0, y:1);0;0
4;[2](x: 0, y:2);0;0
4;[2](x: 1, y:0);1;1
4;[2](x: 1, y:1);0;0
4;[2](x: 2, y:1);0;0
4;[2](x: 2, y:2);0;0
3;[1](x: 2, y:1);3;3
4;[2](x: 0, y:1);-1;1
4;[2](x: 0, y:2);-1;1
4;[2](x: 1, y:0);-1;1
4;[2](x: 1, y:1);0;0
4;[2](x: 2, y:0);0;0
4;[2](x: 2, y:2);0;0
3;[1](x: 2, y:2);0;2
4;[2](x: 0, y:1);0;0
4;[2](x: 0, y:2);1;1
4;[2](x: 1, y:0);0;0
4;[2](x: 1, y:1);0;0
4;[2](x: 2, y:0);0;0
4;[2](x: 2, y:1);0;0
2;[2](x: 0, y:1);-2;15
3;[1](x: 0, y:0);4;4
4;[2](x: 0, y:2);-1;1
4;[2](x: 1, y:0);-1;1
4;[2](x: 1, y:1);-1;1
4;[2](x: 2, y:0);-1;1
4;[2](x: 2, y:1);0;0
4;[2](x: 2, y:2);0;0
3;[1](x: 0, y:2);-1;1
4;[2](x: 0, y:0);0;0
4;[2](x: 1, y:0);0;0
4;[2](x: 1, y:1);1;1
4;[2](x: 2, y:0);0;0
4;[2](x: 2, y:1);0;0
4;[2](x: 2, y:2);0;0
3;[1](x: 1, y:0);0;2
4;[2](x: 0, y:0);1;1
4;[2](x: 0, y:2);0;0
4;[2](x: 1, y:1);0;0
4;[2](x: 2, y:0);0;0
4;[2](x: 2, y:1);-1;1
4;[2](x: 2, y:2);0;0
3;[1](x: 1, y:1);3;3
4;[2](x: 0, y:0);-1;1
4;[2](x: 0, y:2);-1;1
4;[2](x: 1, y:0);0;0
4;[2](x: 2, y:0);-1;1
4;[2](x: 2, y:1);0;0
4;[2](x: 2, y:2);0;0
3;[1](x: 2, y:0);-1;1
3;[1](x: 2, y:1);-0.5;2
4;[2](x: 0, y:0);1;1
4;[2](x: 0, y:2);0;0
4;[2](x: 1, y:0);0;0
4;[2](x: 1, y:1);0.5;1
4;[2](x: 2, y:0);0;0
4;[2](x: 2, y:2);0;0
3;[1](x: 2, y:2);-1;1
4;[2](x: 0, y:0);0;0
4;[2](x: 0, y:2);0;0
4;[2](x: 1, y:0);0;0
4;[2](x: 1, y:1);0;0
4;[2](x: 2, y:0);1;1
4;[2](x: 2, y:1);0;0
2;[2](x: 0, y:2);2.5;23
3;[1](x: 0, y:0);-0.5;2
4;[2](x: 0, y:1);1;1
4;[2](x: 1, y:0);0.5;1
4;[2](x: 1, y:1);0;0
4;[2](x: 2, y:0);0;0
4;[2](x: 2, y:1);0;0
4;[2](x: 2, y:2);0;0
3;[1](x: 0, y:1);-0.5;4
4;[2](x: 0, y:0);-1;1
4;[2](x: 1, y:0);1;1
4;[2](x: 1, y:1);0.5;1
4;[2](x: 2, y:0);1;1
4;[2](x: 2, y:1);0;0
4;[2](x: 2, y:2);0;0
3;[1](x: 1, y:0);-1;1
4;[2](x: 0, y:0);0;0
4;[2](x: 0, y:1);0;0
4;[2](x: 1, y:1);1;1
4;[2](x: 2, y:0);0;0
4;[2](x: 2, y:1);0;0
4;[2](x: 2, y:2);0;0
3;[1](x: 1, y:1);3.5;6
4;[2](x: 0, y:0);-1;1
4;[2](x: 0, y:1);-1;1
4;[2](x: 1, y:0);-1;1
4;[2](x: 2, y:0);1;1
4;[2](x: 2, y:1);0.5;1
4;[2](x: 2, y:2);-1;1
3;[1](x: 2, y:0);0.5;3
4;[2](x: 0, y:0);0.5;1
4;[2](x: 0, y:1);0;0
4;[2](x: 1, y:0);0;0
4;[2](x: 1, y:1);0;0
4;[2](x: 2, y:1);1;1
4;[2](x: 2, y:2);0;0
3;[1](x: 2, y:1);-1;1
4;[2](x: 0, y:0);0;0
4;[2](x: 0, y:1);1;1
4;[2](x: 1, y:0);0;0
4;[2](x: 1, y:1);0;0
4;[2](x: 2, y:0);0;0
4;[2](x: 2, y:2);0;0
3;[1](x: 2, y:2);1.5;6
4;[2](x: 0, y:0);0.5;1
4;[2](x: 0, y:1);-1;1
4;[2](x: 1, y:0);-1;1
4;[2](x: 1, y:1);-1;1
4;[2](x: 2, y:0);1;1
4;[2](x: 2, y:1);1;1
2;[2](x: 1, y:0);0;20
3;[1](x: 0, y:0);3;6
4;[2](x: 0, y:1);-1;1
4;[2](x: 0, y:2);-1;1
4;[2](x: 1, y:1);-1;1
4;[2](x: 2, y:0);1;1
4;[2](x: 2, y:1);0.5;1
4;[2](x: 2, y:2);0;0
3;[1](x: 0, y:1);-1;1
4;[2](x: 0, y:0);0;0
4;[2](x: 0, y:2);0;0
4;[2](x: 1, y:1);0;0
4;[2](x: 2, y:0);0;0
4;[2](x: 2, y:1);0;0
4;[2](x: 2, y:2);1;1
3;[1](x: 0, y:2);0.5;3
4;[2](x: 0, y:0);1;1
4;[2](x: 0, y:1);-1;1
4;[2](x: 1, y:1);0.5;1
4;[2](x: 2, y:0);0;0
4;[2](x: 2, y:1);0;0
4;[2](x: 2, y:2);0;0
3;[1](x: 1, y:1);-0.5;2
4;[2](x: 0, y:0);1;1
4;[2](x: 0, y:1);0;0
4;[2](x: 0, y:2);0;0
4;[2](x: 2, y:0);0;0
4;[2](x: 2, y:1);0.5;1
4;[2](x: 2, y:2);0;0
3;[1](x: 2, y:0);-1;1
4;[2](x: 0, y:0);0;0
4;[2](x: 0, y:1);0;0
4;[2](x: 0, y:2);0;0
4;[2](x: 1, y:1);0;0
4;[2](x: 2, y:1);0;0
4;[2](x: 2, y:2);1;1
3;[1](x: 2, y:1);-1;1
4;[2](x: 0, y:0);0;0
4;[2](x: 0, y:1);1;1
4;[2](x: 0, y:2);0;0
4;[2](x: 1, y:1);0;0
4;[2](x: 2, y:0);0;0
4;[2](x: 2, y:2);0;0
3;[1](x: 2, y:2);4;6
4;[2](x: 0, y:0);-1;1
4;[2](x: 0, y:1);-1;1
4;[2](x: 0, y:2);-1;1
4;[2](x: 1, y:1);-1;1
4;[2](x: 2, y:0);1;1
4;[2](x: 2, y:1);-1;1
2;[2](x: 1, y:1);4;32
3;[1](x: 0, y:0);-1;4
4;[2](x: 0, y:1);1;1
4;[2](x: 0, y:2);0.5;1
4;[2](x: 1, y:0);0.5;1
4;[2](x: 2, y:0);1;1
4;[2](x: 2, y:1);0;0
4;[2](x: 2, y:2);0;0
3;[1](x: 0, y:1);-0.5;4
4;[2](x: 0, y:0);-1;1
4;[2](x: 0, y:2);0.5;1
4;[2](x: 1, y:0);1;1
4;[2](x: 2, y:0);1;1
4;[2](x: 2, y:1);0;0
4;[2](x: 2, y:2);0;0
3;[1](x: 0, y:2);3;7
4;[2](x: 0, y:0);-1;1
4;[2](x: 0, y:1);0;2
4;[2](x: 1, y:0);-1;1
4;[2](x: 2, y:0);1;1
4;[2](x: 2, y:1);-1;1
4;[2](x: 2, y:2);-1;1
3;[1](x: 1, y:0);-1;3
4;[2](x: 0, y:0);-1;1
4;[2](x: 0, y:1);1;1
4;[2](x: 0, y:2);0;0
4;[2](x: 2, y:0);0;0
4;[2](x: 2, y:1);0;0
4;[2](x: 2, y:2);1;1
3;[1](x: 2, y:0);2.5;9
4;[2](x: 0, y:0);3;3
4;[2](x: 0, y:1);-1;1
4;[2](x: 0, y:2);-1;1
4;[2](x: 1, y:0);-1;1
4;[2](x: 2, y:1);-1;1
4;[2](x: 2, y:2);-0.5;2
3;[1](x: 2, y:1);-2;2
4;[2](x: 0, y:0);1;1
4;[2](x: 0, y:1);0;0
4;[2](x: 0, y:2);1;1
4;[2](x: 1, y:0);0;0
4;[2](x: 2, y:0);0;0
4;[2](x: 2, y:2);0;0
3;[1](x: 2, y:2);-1;3
4;[2](x: 0, y:0);1;1
4;[2](x: 0, y:1);0;0
4;[2](x: 0, y:2);0;0
4;[2](x: 1, y:0);-1;1
4;[2](x: 2, y:0);0;0
4;[2](x: 2, y:1);0;0
2;[2](x: 2, y:0);-4;4
3;[1](x: 0, y:0);1;1
4;[2](x: 0, y:1);0;0
4;[2](x: 0, y:2);0;0
4;[2](x: 1, y:0);0;0
4;[2](x: 1, y:1);0;0
4;[2](x: 2, y:1);-1;1
4;[2](x: 2, y:2);0;0
3;[1](x: 0, y:1);1;1
4;[2](x: 0, y:0);0;0
4;[2](x: 0, y:2);-1;1
4;[2](x: 1, y:0);0;0
4;[2](x: 1, y:1);0;0
4;[2](x: 2, y:1);0;0
4;[2](x: 2, y:2);0;0
3;[1](x: 0, y:2);1;1
4;[2](x: 0, y:0);0;0
4;[2](x: 0, y:1);0;0
4;[2](x: 1, y:0);0;0
4;[2](x: 1, y:1);0;0
4;[2](x: 2, y:1);-1;1
4;[2](x: 2, y:2);0;0
3;[1](x: 1, y:0);0;0
3;[1](x: 1, y:1);0;0
3;[1](x: 2, y:1);1;1
3;[1](x: 2, y:2);0;0
2;[2](x: 2, y:1);-4;4
3;[1](x: 0, y:0);1;1
4;[2](x: 0, y:1);0;0
4;[2](x: 0, y:2);0;0
4;[2](x: 1, y:0);-1;1
4;[2](x: 1, y:1);0;0
4;[2](x: 2, y:0);0;0
4;[2](x: 2, y:2);0;0
3;[1](x: 0, y:1);1;1
4;[2](x: 0, y:0);0;0
4;[2](x: 0, y:2);0;0
4;[2](x: 1, y:0);-1;1
4;[2](x: 1, y:1);0;0
4;[2](x: 2, y:0);0;0
4;[2](x: 2, y:2);0;0
3;[1](x: 0, y:2);1;1
4;[2](x: 0, y:0);0;0
4;[2](x: 0, y:1);-1;1
4;[2](x: 1, y:0);0;0
4;[2](x: 1, y:1);0;0
4;[2](x: 2, y:0);0;0
4;[2](x: 2, y:2);0;0
3;[1](x: 1, y:0);0;0
3;[1](x: 1, y:1);1;1
3;[1](x: 2, y:0);0;0
3;[1](x: 2, y:2);0;0
2;[2](x: 2, y:2);4.5;31
3;[1](x: 0, y:0);0.5;7
4;[2](x: 0, y:1);-1;1
4;[2](x: 0, y:2);0.5;1
4;[2](x: 1, y:0);-1;1
4;[2](x: 1, y:1);-1;1
4;[2](x: 2, y:0);2;2
4;[2](x: 2, y:1);1;1
3;[1](x: 0, y:1);-1;5
4;[2](x: 0, y:0);1;1
4;[2](x: 0, y:2);-1;1
4;[2](x: 1, y:0);1;1
4;[2](x: 1, y:1);1;1
4;[2](x: 2, y:0);-1;1
4;[2](x: 2, y:1);0;0
3;[1](x: 0, y:2);-2;2
4;[2](x: 0, y:0);1;1
4;[2](x: 0, y:1);0;0
4;[2](x: 1, y:0);0;0
4;[2](x: 1, y:1);0;0
4;[2](x: 2, y:0);1;1
4;[2](x: 2, y:1);0;0
3;[1](x: 1, y:0);1;7
4;[2](x: 0, y:0);-1;1
4;[2](x: 0, y:1);-1;1
4;[2](x: 0, y:2);-1;1
4;[2](x: 1, y:1);2;2
4;[2](x: 2, y:0);1;1
4;[2](x: 2, y:1);-1;1
3;[1](x: 1, y:1);1;5
4;[2](x: 0, y:0);1;1
4;[2](x: 0, y:1);-1;1
4;[2](x: 0, y:2);-1;1
4;[2](x: 1, y:0);0;0
4;[2](x: 2, y:0);0;0
4;[2](x: 2, y:1);1;1
3;[1](x: 2, y:0);-2;2
4;[2](x: 0, y:0);1;1
4;[2](x: 0, y:1);0;0
4;[2](x: 0, y:2);0;0
4;[2](x: 1, y:0);0;0
4;[2](x: 1, y:1);1;1
4;[2](x: 2, y:1);0;0
3;[1](x: 2, y:1);-1;3
4;[2](x: 0, y:0);1;1
4;[2](x: 0, y:1);1;1
4;[2](x: 0, y:2);-1;1
4;[2](x: 1, y:0);0;0
4;[2](x: 1, y:1);0;0
4;[2](x: 2, y:0);0;0
1;[1](x: 2, y:0);272.5;779
2;[2](x: 0, y:0);-22;176
3;[1](x: 0, y:1);9;26
4;[2](x: 0, y:2);-0.5;4
4;[2](x: 1, y:0);-1;3
4;[2](x: 1, y:1);-2;2
4;[2](x: 1, y:2);0;4
4;[2](x: 2, y:1);0.5;7
4;[2](x: 2, y:2);0;6
3;[1](x: 0, y:2);-2;10
4;[2](x: 0, y:1);-1;1
4;[2](x: 1, y:0);-1;1
4;[2](x: 1, y:1);3;3
4;[2](x: 1, y:2);-1;1
4;[2](x: 2, y:1);-1;1
4;[2](x: 2, y:2);3;3
3;[1](x: 1, y:0);1.5;16
4;[2](x: 0, y:1);0;2
4;[2](x: 0, y:2);4.5;6
4;[2](x: 1, y:1);1.5;4
4;[2](x: 1, y:2);-1;1
4;[2](x: 2, y:1);-0.5;2
4;[2](x: 2, y:2);-1;1
3;[1](x: 1, y:1);2.5;18
4;[2](x: 0, y:1);2;6
4;[2](x: 0, y:2);2.5;5
4;[2](x: 1, y:0);-1;1
4;[2](x: 1, y:2);-1;1
4;[2](x: 2, y:1);-1;4
4;[2](x: 2, y:2);-1;1
3;[1](x: 1, y:2);-1.5;11
4;[2](x: 0, y:1);0;2
4;[2](x: 0, y:2);2.5;3
4;[2](x: 1, y:0);-1;1
4;[2](x: 1, y:1);-1;1
4;[2](x: 2, y:1);-1;1
4;[2](x: 2, y:2);3;3
3;[1](x: 2, y:1);4;20
4;[2](x: 0, y:1);-2;2
4;[2](x: 0, y:2);1;5
4;[2](x: 1, y:0);-2;2
4;[2](x: 1, y:1);1;5
4;[2](x: 1, y:2);-1;3
4;[2](x: 2, y:2);0;2
3;[1](x: 2, y:2);40.5;75
4;[2](x: 0, y:1);-5;11
4;[2](x: 0, y:2);-3;15
4;[2](x: 1, y:0);-4;4
4;[2](x: 1, y:1);-4;14
4;[2](x: 1, y:2);-4.5;6
4;[2](x: 2, y:1);-3;25
2;[2](x: 0, y:1);-17.5;40
3;[1](x: 0, y:0);3.5;6
4;[2](x: 0, y:2);-1;1
4;[2](x: 1, y:0);0.5;1
4;[2](x: 1, y:1);1;1
4;[2](x: 1, y:2);-1;1
4;[2](x: 2, y:1);-1;1
4;[2](x: 2, y:2);-1;1
3;[1](x: 0, y:2);7;9
4;[2](x: 0, y:0);-1;3
4;[2](x: 1, y:0);-2;2
4;[2](x: 1, y:1);-1;1
4;[2](x: 1, y:2);-1;1
4;[2](x: 2, y:1);-1;1
4;[2](x: 2, y:2);-1;1
3;[1](x: 1, y:0);-1;3
4;[2](x: 0, y:0);1;1
4;[2](x: 0, y:2);1;1
4;[2](x: 1, y:1);0;0
4;[2](x: 1, y:2);-1;1
4;[2](x: 2, y:1);0;0
4;[2](x: 2, y:2);0;0
3;[1](x: 1, y:1);3.5;6
4;[2](x: 0, y:0);-1;1
4;[2](x: 0, y:2);-1;1
4;[2](x: 1, y:0);1;1
4;[2](x: 1, y:2);-1;1
4;[2](x: 2, y:1);-1;1
4;[2](x: 2, y:2);0;0
3;[1](x: 1, y:2);0.5;5
4;[2](x: 0, y:0);-1;1
4;[2](x: 0, y:2);-1;1
4;[2](x: 1, y:0);0.5;1
4;[2](x: 1, y:1);1;1
4;[2](x: 2, y:1);1;1
4;[2](x: 2, y:2);0;0
3;[1](x: 2, y:1);0;2
4;[2](x: 0, y:0);-1;1
4;[2](x: 0, y:2);0;0
4;[2](x: 1, y:0);0;0
4;[2](x: 1, y:1);0;0
4;[2](x: 1, y:2);1;1
4;[2](x: 2, y:2);0;0
3;[1](x: 2, y:2);7;9
4;[2](x: 0, y:0);-1;3
4;[2](x: 0, y:2);-2;2
4;[2](x: 1, y:0);-1;1
4;[2](x: 1, y:1);-1;1
4;[2](x: 1, y:2);-1;1
4;[2](x: 2, y:1);-1;1
2;[2](x: 0, y:2);-22.5;156
3;[1](x: 0, y:0);8.5;23
4;[2](x: 0, y:1);-2;2
4;[2](x: 1, y:0);3;9
4;[2](x: 1, y:1);-1;3
4;[2](x: 1, y:2);-1;3
4;[2](x: 2, y:1);-2;2
4;[2](x: 2, y:2);-0.5;4
3;[1](x: 0, y:1);6;20
4;[2](x: 0, y:0);0;2
4;[2](x: 1, y:0);4.5;8
4;[2](x: 1, y:1);-0.5;4
4;[2](x: 1, y:2);-1;1
4;[2](x: 2, y:1);-1;1
4;[2](x: 2, y:2);-1;3
3;[1](x: 1, y:0);-3;3
4;[2](x: 0, y:0);1;1
4;[2](x: 0, y:1);1;1
4;[2](x: 1, y:1);0;0
4;[2](x: 1, y:2);0;0
4;[2](x: 2, y:1);0;0
4;[2](x: 2, y:2);1;1
3;[1](x: 1, y:1);7;22
4;[2](x: 0, y:0);-1;3
4;[2](x: 0, y:1);-2;2
4;[2](x: 1, y:0);-1.5;3
4;[2](x: 1, y:2);-1;5
4;[2](x: 2, y:1);-1;3
4;[2](x: 2, y:2);1.5;6
3;[1](x: 1, y:2);9.5;25
4;[2](x: 0, y:0);4;9
4;[2](x: 0, y:1);-1;3
4;[2](x: 1, y:0);-0.5;5
4;[2](x: 1, y:1);-2;2
4;[2](x: 2, y:1);-1;4
4;[2](x: 2, y:2);-2;2
3;[1](x: 2, y:1);3;16
4;[2](x: 0, y:0);-1;1
4;[2](x: 0, y:1);-1;1
4;[2](x: 1, y:0);-1;1
4;[2](x: 1, y:1);0;4
4;[2](x: 1, y:2);-1;3
4;[2](x: 2, y:2);3;6
3;[1](x: 2, y:2);28.5;47
4;[2](x: 0, y:0);-3.5;5
4;[2](x: 0, y:1);-3;3
4;[2](x: 1, y:0);-3;6
4;[2](x: 1, y:1);-3;8
4;[2](x: 1, y:2);-3.5;5
4;[2](x: 2, y:1);0.5;20
2;[2](x: 1, y:0);-13;18
3;[1](x: 0, y:0);3;3
4;[2](x: 0, y:1);-1;1
4;[2](x: 0, y:2);-1;1
4;[2](x: 1, y:1);0;0
4;[2](x: 1, y:2);0;0
4;[2](x: 2, y:1);-1;1
4;[2](x: 2, y:2);0;0
3;[1](x: 0, y:1);3;3
4;[2](x: 0, y:0);-1;1
4;[2](x: 0, y:2);-1;1
4;[2](x: 1, y:1);0;0
4;[2](x: 1, y:2);0;0
4;[2](x: 2, y:1);0;0
4;[2](x: 2, y:2);-1;1
3;[1](x: 0, y:2);0;2
4;[2](x: 0, y:0);1;1
4;[2](x: 0, y:1);0;0
4;[2](x: 1, y:1);0;0
4;[2](x: 1, y:2);0;0
4;[2](x: 2, y:1);-1;1
4;[2](x: 2, y:2);0;0
3;[1](x: 1, y:1);3;3
4;[2](x: 0, y:0);-1;1
4;[2](x: 0, y:1);-1;1
4;[2](x: 0, y:2);-1;1
4;[2](x: 1, y:2);0;0
4;[2](x: 2, y:1);0;0
4;[2](x: 2, y:2);0;0
3;[1](x: 1, y:2);1.5;2
4;[2](x: 0, y:0);0;0
4;[2](x: 0, y:1);-1;1
4;[2](x: 0, y:2);0;0
4;[2](x: 1, y:1);0;0
4;[2](x: 2, y:1);0;0
4;[2](x: 2, y:2);0;0
3;[1](x: 2, y:1);1.5;2
4;[2](x: 0, y:0);-1;1
4;[2](x: 0, y:1);0.5;1
4;[2](x: 0, y:2);0;0
4;[2](x: 1, y:1);0;0
4;[2](x: 1, y:2);0;0
4;[2](x: 2, y:2);0;0
3;[1](x: 2, y:2);3;3
4;[2](x: 0, y:0);-1;1
4;[2](x: 0, y:1);-1;1
4;[2](x: 0, y:2);0;0
4;[2](x: 1, y:1);0;0
4;[2](x: 1, y:2);-1;1
4;[2](x: 2, y:1);0;0
2;[2](x: 1, y:1);-10.5;271
3;[1](x: 0, y:0);17;57
4;[2](x: 0, y:1);-2;8
4;[2](x: 0, y:2);-3;3
4;[2](x: 1, y:0);9;28
4;[2](x: 1, y:2);-3;7
4;[2](x: 2, y:1);-3;3
4;[2](x: 2, y:2);-3;8
3;[1](x: 0, y:1);13;47
4;[2](x: 0, y:0);-1.5;7
4;[2](x: 0, y:2);-1.5;7
4;[2](x: 1, y:0);4;20
4;[2](x: 1, y:2);-3;3
4;[2](x: 2, y:1);-2.5;4
4;[2](x: 2, y:2);-0.5;6
3;[1](x: 0, y:2);-3;11
4;[2](x: 0, y:0);-1;1
4;[2](x: 0, y:1);-1;1
4;[2](x: 1, y:0);3;3
4;[2](x: 1, y:2);0;2
4;[2](x: 2, y:1);-1;1
4;[2](x: 2, y:2);2;2
3;[1](x: 1, y:0);15;51
4;[2](x: 0, y:0);4;19
4;[2](x: 0, y:1);-3;3
4;[2](x: 0, y:2);-3;3
4;[2](x: 1, y:2);-3;3
4;[2](x: 2, y:1);-3;12
4;[2](x: 2, y:2);-3;11
3;[1](x: 1, y:2);7;36
4;[2](x: 0, y:0);-1;3
4;[2](x: 0, y:1);1.5;6
4;[2](x: 0, y:2);0;7
4;[2](x: 1, y:0);-1.5;3
4;[2](x: 2, y:1);5;13
4;[2](x: 2, y:2);-1;4
3;[1](x: 2, y:1);12.5;48
4;[2](x: 0, y:0);-2;6
4;[2](x: 0, y:1);-0.5;6
4;[2](x: 0, y:2);-3;3
4;[2](x: 1, y:0);1;11
4;[2](x: 1, y:2);-2;4
4;[2](x: 2, y:2);5;18
3;[1](x: 2, y:2);0;21
4;[2](x: 0, y:0);2;5
4;[2](x: 0, y:1);-1;1
4;[2](x: 0, y:2);-1;1
4;[2](x: 1, y:0);-1;1
4;[2](x: 1, y:2);1;5
4;[2](x: 2, y:1);6;8
2;[2](x: 1, y:2);-15.5;30
3;[1](x: 0, y:0);1;3
4;[2](x: 0, y:1);-1;1
4;[2](x: 0, y:2);-1;1
4;[2](x: 1, y:0);1;1
4;[2](x: 1, y:1);0;0
4;[2](x: 2, y:1);0;0
4;[2](x: 2, y:2);0;0
3;[1](x: 0, y:1);-1;1
4;[2](x: 0, y:0);0;0
4;[2](x: 0, y:2);0;0
4;[2](x: 1, y:0);0;0
4;[2](x: 1, y:1);1;1
4;[2](x: 2, y:1);0;0
4;[2](x: 2, y:2);0;0
3;[1](x: 0, y:2);5;6
4;[2](x: 0, y:0);0.5;1
4;[2](x: 0, y:1);-1;1
4;[2](x: 1, y:0);-1;1
4;[2](x: 1, y:1);0.5;1
4;[2](x: 2, y:1);-1;1
4;[2](x: 2, y:2);-1;1
3;[1](x: 1, y:0);-0.5;2
4;[2](x: 0, y:0);0.5;1
4;[2](x: 0, y:1);1;1
4;[2](x: 0, y:2);0;0
4;[2](x: 1, y:1);0;0
4;[2](x: 2, y:1);0;0
4;[2](x: 2, y:2);0;0
3;[1](x: 1, y:1);0;2
4;[2](x: 0, y:0);0;0
4;[2](x: 0, y:1);0;0
4;[2](x: 0, y:2);1;1
4;[2](x: 1, y:0);0;0
4;[2](x: 2, y:1);0;0
4;[2](x: 2, y:2);0;0
3;[1](x: 2, y:1);4;6
4;[2](x: 0, y:0);-1;1
4;[2](x: 0, y:1);-1;1
4;[2](x: 0, y:2);-1;1
4;[2](x: 1, y:0);-1;1
4;[2](x: 1, y:1);-1;1
4;[2](x: 2, y:2);1;1
3;[1](x: 2, y:2);9;9
4;[2](x: 0, y:0);-2;2
4;[2](x: 0, y:1);-2;2
4;[2](x: 0, y:2);-2;2
4;[2](x: 1, y:0);-1;1
4;[2](x: 1, y:1);-1;1
4;[2](x: 2, y:1);-1;1
2;[2](x: 2, y:1);-17;39
3;[1](x: 0, y:0);7;9
4;[2](x: 0, y:1);-2;2
4;[2](x: 0, y:2);-1;1
4;[2](x: 1, y:0);-1;1
4;[2](x: 1, y:1);-1;3
4;[2](x: 1, y:2);-1;1
4;[2](x: 2, y:2);-1;1
3;[1](x: 0, y:1);-1;1
4;[2](x: 0, y:0);0;0
4;[2](x: 0, y:2);0;0
4;[2](x: 1, y:0);0;0
4;[2](x: 1, y:1);0;0
4;[2](x: 1, y:2);1;1
4;[2](x: 2, y:2);0;0
3;[1](x: 0, y:2);5.5;8
4;[2](x: 0, y:0);-1;1
4;[2](x: 0, y:1);-1;1
4;[2](x: 1, y:0);-1;1
4;[2](x: 1, y:1);0.5;3
4;[2](x: 1, y:2);-1;1
4;[2](x: 2, y:2);-1;1
3;[1](x: 1, y:0);3.5;6
4;[2](x: 0, y:0);1;1
4;[2](x: 0, y:1);-1;1
4;[2](x: 0, y:2);-1;1
4;[2](x: 1, y:1);0.5;1
4;[2](x: 1, y:2);-1;1
4;[2](x: 2, y:2);-1;1
3;[1](x: 1, y:1);6;8
4;[2](x: 0, y:0);-1;1
4;[2](x: 0, y:1);-1;1
4;[2](x: 0, y:2);-1;1
4;[2](x: 1, y:0);-1;1
4;[2](x: 1, y:2);0;2
4;[2](x: 2, y:2);-1;1
3;[1](x: 1, y:2);1;4
4;[2](x: 0, y:0);-1;1
4;[2](x: 0, y:1);1;1
4;[2](x: 0, y:2);0.5;1
4;[2](x: 1, y:0);0.5;1
4;[2](x: 1, y:1);0;0
4;[2](x: 2, y:2);0;0
3;[1](x: 2, y:2);-1;3
4;[2](x: 0, y:0);1;1
4;[2](x: 0, y:1);1;1
4;[2](x: 0, y:2);0;0
4;[2](x: 1, y:0);0;0
4;[2](x: 1, y:1);-1;1
4;[2](x: 1, y:2);0;0
2;[2](x: 2, y:2);-18;48
3;[1](x: 0, y:0);1.5;5
4;[2](x: 0, y:1);0.5;1
4;[2](x: 0, y:2);1;1
4;[2](x: 1, y:0);0.5;1
4;[2](x: 1, y:1);0.5;1
4;[2](x: 1, y:2);-1;1
4;[2](x: 2, y:1);0;0
3;[1](x: 0, y:1);2;6
4;[2](x: 0, y:0);-1;1
4;[2](x: 0, y:2);1;1
4;[2](x: 1, y:0);-1;1
4;[2](x: 1, y:1);-1;1
4;[2](x: 1, y:2);1;1
4;[2](x: 2, y:1);-1;1
3;[1](x: 0, y:2);3;7
4;[2](x: 0, y:0);-1;1
4;[2](x: 0, y:1);-1;1
4;[2](x: 1, y:0);-1;1
4;[2](x: 1, y:1);2;2
4;[2](x: 1, y:2);-1;1
4;[2](x: 2, y:1);-1;1
3;[1](x: 1, y:0);2;6
4;[2](x: 0, y:0);-1;1
4;[2](x: 0, y:1);-1;1
4;[2](x: 0, y:2);-1;1
4;[2](x: 1, y:1);-1;1
4;[2](x: 1, y:2);1;1
4;[2](x: 2, y:1);1;1
3;[1](x: 1, y:1);15;17
4;[2](x: 0, y:0);-3;3
4;[2](x: 0, y:1);-3;3
4;[2](x: 0, y:2);-2;2
4;[2](x: 1, y:0);-2;2
4;[2](x: 1, y:2);-3;5
4;[2](x: 2, y:1);-2;2
3;[1](x: 1, y:2);-0.5;4
4;[2](x: 0, y:0);1;1
4;[2](x: 0, y:1);-1;1
4;[2](x: 0, y:2);1;1
4;[2](x: 1, y:0);0;0
4;[2](x: 1, y:1);0.5;1
4;[2](x: 2, y:1);0;0
3;[1](x: 2, y:1);-1;3
4;[2](x: 0, y:0);1;1
4;[2](x: 0, y:1);0;0
4;[2](x: 0, y:2);0;0
4;[2](x: 1, y:0);0;0
4;[2](x: 1, y:1);1;1
4;[2](x: 1, y:2);0;0
1;[1](x: 2, y:1);41.5;211
2;[2](x: 0, y:0);-5;15
3;[1](x: 0, y:1);-1;1
4;[2](x: 0, y:2);0;0
4;[2](x: 1, y:0);1;1
4;[2](x: 1, y:1);0;0
4;[2](x: 1, y:2);0;0
4;[2](x: 2, y:0);0;0
4;[2](x: 2, y:2);0;0
3;[1](x: 0, y:2);1;3
4;[2](x: 0, y:1);-1;1
4;[2](x: 1, y:0);1;1
4;[2](x: 1, y:1);-1;1
4;[2](x: 1, y:2);0;0
4;[2](x: 2, y:0);0;0
4;[2](x: 2, y:2);0;0
3;[1](x: 1, y:0);0;2
4;[2](x: 0, y:1);1;1
4;[2](x: 0, y:2);0;0
4;[2](x: 1, y:1);-1;1
4;[2](x: 1, y:2);0;0
4;[2](x: 2, y:0);0;0
4;[2](x: 2, y:2);0;0
3;[1](x: 1, y:1);4;4
4;[2](x: 0, y:1);-1;1
4;[2](x: 0, y:2);-1;1
4;[2](x: 1, y:0);-1;1
4;[2](x: 1, y:2);-1;1
4;[2](x: 2, y:0);0;0
4;[2](x: 2, y:2);0;0
3;[1](x: 1, y:2);3;3
4;[2](x: 0, y:1);-1;1
4;[2](x: 0, y:2);-1;1
4;[2](x: 1, y:0);0;0
4;[2](x: 1, y:1);0;0
4;[2](x: 2, y:0);-1;1
4;[2](x: 2, y:2);0;0
3;[1](x: 2, y:0);-1;1
3;[1](x: 2, y:2);-1;1
4;[2](x: 0, y:1);0;0
4;[2](x: 0, y:2);1;1
4;[2](x: 1, y:0);0;0
4;[2](x: 1, y:1);0;0
4;[2](x: 1, y:2);0;0
4;[2](x: 2, y:0);0;0
2;[2](x: 0, y:1);-5.5;13
3;[1](x: 0, y:0);3;3
4;[2](x: 0, y:2);-1;1
4;[2](x: 1, y:0);-1;1
4;[2](x: 1, y:1);0;0
4;[2](x: 1, y:2);0;0
4;[2](x: 2, y:0);0;0
4;[2](x: 2, y:2);-1;1
3;[1](x: 0, y:2);-1;1
4;[2](x: 0, y:0);0;0
4;[2](x: 1, y:0);0;0
4;[2](x: 1, y:1);1;1
4;[2](x: 1, y:2);0;0
4;[2](x: 2, y:0);0;0
4;[2](x: 2, y:2);0;0
3;[1](x: 1, y:0);0;2
4;[2](x: 0, y:0);1;1
4;[2](x: 0, y:2);0;0
4;[2](x: 1, y:1);0;0
4;[2](x: 1, y:2);-1;1
4;[2](x: 2, y:0);0;0
4;[2](x: 2, y:2);0;0
3;[1](x: 1, y:1);-1;1
4;[2](x: 0, y:0);0;0
4;[2](x: 0, y:2);1;1
4;[2](x: 1, y:0);0;0
4;[2](x: 1, y:2);0;0
4;[2](x: 2, y:0);0;0
4;[2](x: 2, y:2);0;0
3;[1](x: 1, y:2);1.5;2
4;[2](x: 0, y:0);0;0
4;[2](x: 0, y:2);0;0
4;[2](x: 1, y:0);-1;1
4;[2](x: 1, y:1);0;0
4;[2](x: 2, y:0);0;0
4;[2](x: 2, y:2);0;0
3;[1](x: 2, y:0);2;2
4;[2](x: 0, y:0);-1;1
4;[2](x: 0, y:2);0;0
4;[2](x: 1, y:0);0;0
4;[2](x: 1, y:1);0;0
4;[2](x: 1, y:2);-1;1
4;[2](x: 2, y:2);0;0
3;[1](x: 2, y:2);2;2
4;[2](x: 0, y:0);-1;1
4;[2](x: 0, y:2);0;0
4;[2](x: 1, y:0);-1;1
4;[2](x: 1, y:1);0;0
4;[2](x: 1, y:2);0;0
4;[2](x: 2, y:0);0;0
2;[2](x: 0, y:2);-5;5
3;[1](x: 0, y:0);1;1
4;[2](x: 0, y:1);0;0
4;[2](x: 1, y:0);0;0
4;[2](x: 1, y:1);0;0
4;[2](x: 1, y:2);0;0
4;[2](x: 2, y:0);-1;1
4;[2](x: 2, y:2);0;0
3;[1](x: 0, y:1);1;1
4;[2](x: 0, y:0);0;0
4;[2](x: 1, y:0);0;0
4;[2](x: 1, y:1);0;0
4;[2](x: 1, y:2);0;0
4;[2](x: 2, y:0);-1;1
4;[2](x: 2, y:2);0;0
3;[1](x: 1, y:0);1;1
4;[2](x: 0, y:0);-1;1
4;[2](x: 0, y:1);0;0
4;[2](x: 1, y:1);0;0
4;[2](x: 1, y:2);0;0
4;[2](x: 2, y:0);0;0
4;[2](x: 2, y:2);0;0
3;[1](x: 1, y:1);1;1
4;[2](x: 0, y:0);0;0
4;[2](x: 0, y:1);0;0
4;[2](x: 1, y:0);0;0
4;[2](x: 1, y:2);0;0
4;[2](x: 2, y:0);0;0
4;[2](x: 2, y:2);-1;1
3;[1](x: 1, y:2);1;1
3;[1](x: 2, y:0);0;0
3;[1](x: 2, y:2);0;0
2;[2](x: 1, y:0);-4.5;22
3;[1](x: 0, y:0);-1;1
4;[2](x: 0, y:1);0;0
4;[2](x: 0, y:2);1;1
4;[2](x: 1, y:1);0;0
4;[2](x: 1, y:2);0;0
4;[2](x: 2, y:0);0;0
4;[2](x: 2, y:2);0;0
3;[1](x: 0, y:1);-1;1
4;[2](x: 0, y:0);0;0
4;[2](x: 0, y:2);1;1
4;[2](x: 1, y:1);0;0
4;[2](x: 1, y:2);0;0
4;[2](x: 2, y:0);0;0
4;[2](x: 2, y:2);0;0
3;[1](x: 0, y:2);1;5
4;[2](x: 0, y:0);1;1
4;[2](x: 0, y:1);-1;1
4;[2](x: 1, y:1);-1;1
4;[2](x: 1, y:2);1;1
4;[2](x: 2, y:0);0;0
4;[2](x: 2, y:2);-1;1
3;[1](x: 1, y:1);4;6
4;[2](x: 0, y:0);1;1
4;[2](x: 0, y:1);-1;1
4;[2](x: 0, y:2);-1;1
4;[2](x: 1, y:2);-1;1
4;[2](x: 2, y:0);-1;1
4;[2](x: 2, y:2);0;0
3;[1](x: 1, y:2);-0.5;2
4;[2](x: 0, y:0);1;1
4;[2](x: 0, y:1);0;0
4;[2](x: 0, y:2);0.5;1
4;[2](x: 1, y:1);0;0
4;[2](x: 2, y:0);0;0
4;[2](x: 2, y:2);0;0
3;[1](x: 2, y:0);4;6
4;[2](x: 0, y:0);-1;1
4;[2](x: 0, y:1);-1;1
4;[2](x: 0, y:2);-1;1
4;[2](x: 1, y:1);-1;1
4;[2](x: 1, y:2);1;1
4;[2](x: 2, y:2);-1;1
3;[1](x: 2, y:2);-1;1
4;[2](x: 0, y:0);0;0
4;[2](x: 0, y:1);0;0
4;[2](x: 0, y:2);0;0
4;[2](x: 1, y:1);1;1
4;[2](x: 1, y:2);0;0
4;[2](x: 2, y:0);0;0
2;[2](x: 1, y:1);0.5;38
3;[1](x: 0, y:0);-1.5;3
4;[2](x: 0, y:1);0.5;1
4;[2](x: 0, y:2);1;1
4;[2](x: 1, y:0);0;0
4;[2](x: 1, y:2);0;0
4;[2](x: 2, y:0);0;0
4;[2](x: 2, y:2);0;0
3;[1](x: 0, y:1);-1;3
4;[2](x: 0, y:0);1;1
4;[2](x: 0, y:2);1;1
4;[2](x: 1, y:0);0;0
4;[2](x: 1, y:2);0;0
4;[2](x: 2, y:0);0;0
4;[2](x: 2, y:2);-1;1
3;[1](x: 0, y:2);-2;2
4;[2](x: 0, y:0);1;1
4;[2](x: 0, y:1);0;0
4;[2](x: 1, y:0);0;0
4;[2](x: 1, y:2);1;1
4;[2](x: 2, y:0);0;0
4;[2](x: 2, y:2);0;0
3;[1](x: 1, y:0);4.5;11
4;[2](x: 0, y:0);-1;1
4;[2](x: 0, y:1);-1;3
4;[2](x: 0, y:2);-1;1
4;[2](x: 1, y:2);-1;1
4;[2](x: 2, y:0);1.5;4
4;[2](x: 2, y:2);-1;1
3;[1](x: 1, y:2);0.5;7
4;[2](x: 0, y:0);2;2
4;[2](x: 0, y:1);-1;1
4;[2](x: 0, y:2);0.5;1
4;[2](x: 1, y:0);-1;1
4;[2](x: 2, y:0);1;1
4;[2](x: 2, y:2);-1;1
3;[1](x: 2, y:0);-1;3
4;[2](x: 0, y:0);1;1
4;[2](x: 0, y:1);1;1
4;[2](x: 0, y:2);0;0
4;[2](x: 1, y:0);0;0
4;[2](x: 1, y:2);-1;1
4;[2](x: 2, y:2);0;0
3;[1](x: 2, y:2);2;8
4;[2](x: 0, y:0);-1;1
4;[2](x: 0, y:1);-1;1
4;[2](x: 0, y:2);0;2
4;[2](x: 1, y:0);-1;1
4;[2](x: 1, y:2);2;2
4;[2](x: 2, y:0);-1;1
2;[2](x: 1, y:2);-5.5;11
3;[1](x: 0, y:0);-1;1
4;[2](x: 0, y:1);0;0
4;[2](x: 0, y:2);1;1
4;[2](x: 1, y:0);0;0
4;[2](x: 1, y:1);0;0
4;[2](x: 2, y:0);0;0
4;[2](x: 2, y:2);0;0
3;[1](x: 0, y:1);2;2
4;[2](x: 0, y:0);-1;1
4;[2](x: 0, y:2);-1;1
4;[2](x: 1, y:0);0;0
4;[2](x: 1, y:1);0;0
4;[2](x: 2, y:0);0;0
4;[2](x: 2, y:2);0;0
3;[1](x: 0, y:2);2;2
4;[2](x: 0, y:0);0;0
4;[2](x: 0, y:1);-1;1
4;[2](x: 1, y:0);0;0
4;[2](x: 1, y:1);0;0
4;[2](x: 2, y:0);0;0
4;[2](x: 2, y:2);0;0
3;[1](x: 1, y:0);0.5;1
4;[2](x: 0, y:0);0;0
4;[2](x: 0, y:1);0;0
4;[2](x: 0, y:2);0;0
4;[2](x: 1, y:1);0;0
4;[2](x: 2, y:0);0;0
4;[2](x: 2, y:2);0.5;1
3;[1](x: 1, y:1);2;2
4;[2](x: 0, y:0);-1;1
4;[2](x: 0, y:1);0;0
4;[2](x: 0, y:2);0;0
4;[2](x: 1, y:0);0;0
4;[2](x: 2, y:0);0;0
4;[2](x: 2, y:2);-1;1
3;[1](x: 2, y:0);2;2
4;[2](x: 0, y:0);-1;1
4;[2](x: 0, y:1);-1;1
4;[2](x: 0, y:2);0;0
4;[2](x: 1, y:0);0;0
4;[2](x: 1, y:1);0;0
4;[2](x: 2, y:2);0;0
3;[1](x: 2, y:2);-1;1
4;[2](x: 0, y:0);0;0
4;[2](x: 0, y:1);0;0
4;[2](x: 0, y:2);0;0
4;[2](x: 1, y:0);0;0
4;[2](x: 1, y:1);0;0
4;[2](x: 2, y:0);1;1
2;[2](x: 2, y:0);-2;35
3;[1](x: 0, y:0);0;5
4;[2](x: 0, y:1);0.5;1
4;[2](x: 0, y:2);1;1
4;[2](x: 1, y:0);-1;1
4;[2](x: 1, y:1);1;1
4;[2](x: 1, y:2);0;0
4;[2](x: 2, y:2);0.5;1
3;[1](x: 0, y:1);2;6
4;[2](x: 0, y:0);1;1
4;[2](x: 0, y:2);-1;1
4;[2](x: 1, y:0);-1;1
4;[2](x: 1, y:1);1;1
4;[2](x: 1, y:2);-1;1
4;[2](x: 2, y:2);-1;1
3;[1](x: 0, y:2);-1;3
4;[2](x: 0, y:0);1;1
4;[2](x: 0, y:1);-1;1
4;[2](x: 1, y:0);1;1
4;[2](x: 1, y:1);0;0
4;[2](x: 1, y:2);0;0
4;[2](x: 2, y:2);0;0
3;[1](x: 1, y:0);-1;3
4;[2](x: 0, y:0);-1;1
4;[2](x: 0, y:1);1;1
4;[2](x: 0, y:2);1;1
4;[2](x: 1, y:1);0;0
4;[2](x: 1, y:2);0;0
4;[2](x: 2, y:2);0;0
3;[1](x: 1, y:1);4;10
4;[2](x: 0, y:0);0;2
4;[2](x: 0, y:1);-1;1
4;[2](x: 0, y:2);-1;1
4;[2](x: 1, y:0);-1;3
4;[2](x: 1, y:2);-1;1
4;[2](x: 2, y:2);-1;1
3;[1](x: 1, y:2);0;4
4;[2](x: 0, y:0);-1;1
4;[2](x: 0, y:1);-1;1
4;[2](x: 0, y:2);1;1
4;[2](x: 1, y:0);1;1
4;[2](x: 1, y:1);0;0
4;[2](x: 2, y:2);0;0
3;[1](x: 2, y:2);0;4
4;[2](x: 0, y:0);-1;1
4;[2](x: 0, y:1);1;1
4;[2](x: 0, y:2);1;1
4;[2](x: 1, y:0);-1;1
4;[2](x: 1, y:1);0;0
4;[2](x: 1, y:2);0;0
2;[2](x: 2, y:2);8.5;72
3;[1](x: 0, y:0);11;26
4;[2](x: 0, y:1);-0.5;5
4;[2](x: 0, y:2);3;7
4;[2](x: 1, y:0);-1.5;3
4;[2](x: 1, y:1);1;6
4;[2](x: 1, y:2);-2;2
4;[2](x: 2, y:0);-1;3
3;[1](x: 0, y:1);-2;4
4;[2](x: 0, y:0);1;1
4;[2](x: 0, y:2);1;1
4;[2](x: 1, y:0);-1;1
4;[2](x: 1, y:1);1;1
4;[2](x: 1, y:2);0;0
4;[2](x: 2, y:0);0;0
3;[1](x: 0, y:2);2;13
4;[2](x: 0, y:0);1;3
4;[2](x: 0, y:1);-1;1
4;[2](x: 1, y:0);1.5;4
4;[2](x: 1, y:1);0;2
4;[2](x: 1, y:2);-1;1
4;[2](x: 2, y:0);-1;1
3;[1](x: 1, y:0);-2;4
4;[2](x: 0, y:0);-1;1
4;[2](x: 0, y:1);1;1
4;[2](x: 0, y:2);1;1
4;[2](x: 1, y:1);0;0
4;[2](x: 1, y:2);1;1
4;[2](x: 2, y:0);0;0
3;[1](x: 1, y:1);-1;7
4;[2](x: 0, y:0);-1;1
4;[2](x: 0, y:1);2;2
4;[2](x: 0, y:2);-1;1
4;[2](x: 1, y:0);-1;1
4;[2](x: 1, y:2);1;1
4;[2](x: 2, y:0);1;1
3;[1](x: 1, y:2);1;12
4;[2](x: 0, y:0);-1;1
4;[2](x: 0, y:1);-1;1
4;[2](x: 0, y:2);-1;1
4;[2](x: 1, y:0);0.5;3
4;[2](x: 1, y:1);4;4
4;[2](x: 2, y:0);-0.5;2
3;[1](x: 2, y:0);-2.5;6
4;[2](x: 0, y:0);1;1
4;[2](x: 0, y:1);1;1
4;[2](x: 0, y:2);-1;1
4;[2](x: 1, y:0);0.5;1
4;[2](x: 1, y:1);1;1
4;[2](x: 1, y:2);1;1
1;[1](x: 2, y:2);203.5;618
2;[2](x: 0, y:0);-15.5;35
3;[1](x: 0, y:1);3.5;6
4;[2](x: 0, y:2);-1;1
4;[2](x: 1, y:0);-1;1
4;[2](x: 1, y:1);1;1
4;[2](x: 1, y:2);-1;1
4;[2](x: 2, y:0);0.5;1
4;[2](x: 2, y:1);0;0
3;[1](x: 0, y:2);9;10
4;[2](x: 0, y:1);-2;2
4;[2](x: 1, y:0);-1;1
4;[2](x: 1, y:1);-1;1
4;[2](x: 1, y:2);-1;1
4;[2](x: 2, y:0);-1;4
4;[2](x: 2, y:1);-1;1
3;[1](x: 1, y:0);-1;1
4;[2](x: 0, y:1);0;0
4;[2](x: 0, y:2);1;1
4;[2](x: 1, y:1);0;0
4;[2](x: 1, y:2);0;0
4;[2](x: 2, y:0);0;0
4;[2](x: 2, y:1);0;0
3;[1](x: 1, y:1);-1;1
4;[2](x: 0, y:1);0;0
4;[2](x: 0, y:2);0;0
4;[2](x: 1, y:0);0;0
4;[2](x: 1, y:2);0;0
4;[2](x: 2, y:0);0;0
4;[2](x: 2, y:1);1;1
3;[1](x: 1, y:2);4;6
4;[2](x: 0, y:1);-1;1
4;[2](x: 0, y:2);-1;1
4;[2](x: 1, y:0);1;1
4;[2](x: 1, y:1);-1;1
4;[2](x: 2, y:0);-1;1
4;[2](x: 2, y:1);-1;1
3;[1](x: 2, y:0);6.5;9
4;[2](x: 0, y:1);0;2
4;[2](x: 0, y:2);-1;1
4;[2](x: 1, y:0);-1;1
4;[2](x: 1, y:1);-1;1
4;[2](x: 1, y:2);-1.5;3
4;[2](x: 2, y:1);-1;1
3;[1](x: 2, y:1);-0.5;2
4;[2](x: 0, y:1);1;1
4;[2](x: 0, y:2);0;0
4;[2](x: 1, y:0);0;0
4;[2](x: 1, y:1);0;0
4;[2](x: 1, y:2);0.5;1
4;[2](x: 2, y:0);0;0
2;[2](x: 0, y:1);-16;33
3;[1](x: 0, y:0);0;4
4;[2](x: 0, y:2);-1;1
4;[2](x: 1, y:0);-1;1
4;[2](x: 1, y:1);1;1
4;[2](x: 1, y:2);1;1
4;[2](x: 2, y:0);0;0
4;[2](x: 2, y:1);0;0
3;[1](x: 0, y:2);11;11
4;[2](x: 0, y:0);-2;2
4;[2](x: 1, y:0);-2;2
4;[2](x: 1, y:1);-2;2
4;[2](x: 1, y:2);-2;2
4;[2](x: 2, y:0);-2;2
4;[2](x: 2, y:1);-1;1
3;[1](x: 1, y:0);-1;1
4;[2](x: 0, y:0);0;0
4;[2](x: 0, y:2);0;0
4;[2](x: 1, y:1);1;1
4;[2](x: 1, y:2);0;0
4;[2](x: 2, y:0);0;0
4;[2](x: 2, y:1);0;0
3;[1](x: 1, y:1);2;4
4;[2](x: 0, y:0);1;1
4;[2](x: 0, y:2);-1;1
4;[2](x: 1, y:0);-1;1
4;[2](x: 1, y:2);0;0
4;[2](x: 2, y:0);-1;1
4;[2](x: 2, y:1);0;0
3;[1](x: 1, y:2);-1;1
4;[2](x: 0, y:0);1;1
4;[2](x: 0, y:2);0;0
4;[2](x: 1, y:0);0;0
4;[2](x: 1, y:1);0;0
4;[2](x: 2, y:0);0;0
4;[2](x: 2, y:1);0;0
3;[1](x: 2, y:0);2;4
4;[2](x: 0, y:0);-1;1
4;[2](x: 0, y:2);1;1
4;[2](x: 1, y:0);-1;1
4;[2](x: 1, y:1);-1;1
4;[2](x: 1, y:2);0;0
4;[2](x: 2, y:1);0;0
3;[1](x: 2, y:1);5;8
4;[2](x: 0, y:0);-1;1
4;[2](x: 0, y:2);-1;1
4;[2](x: 1, y:0);-1;1
4;[2](x: 1, y:1);-1;1
4;[2](x: 1, y:2);1.5;2
4;[2](x: 2, y:0);0.5;1
2;[2](x: 0, y:2);-18;58
3;[1](x: 0, y:0);2;6
4;[2](x: 0, y:1);1;1
4;[2](x: 1, y:0);-1;1
4;[2](x: 1, y:1);-1;1
4;[2](x: 1, y:2);1;1
4;[2](x: 2, y:0);-1;1
4;[2](x: 2, y:1);-1;1
3;[1](x: 0, y:1);0;4
4;[2](x: 0, y:0);-1;1
4;[2](x: 1, y:0);-1;1
4;[2](x: 1, y:1);1;1
4;[2](x: 1, y:2);1;1
4;[2](x: 2, y:0);0;0
4;[2](x: 2, y:1);0;0
3;[1](x: 1, y:0);-2;2
4;[2](x: 0, y:0);0;0
4;[2](x: 0, y:1);0;0
4;[2](x: 1, y:1);1;1
4;[2](x: 1, y:2);0;0
4;[2](x: 2, y:0);0;0
4;[2](x: 2, y:1);0;0
3;[1](x: 1, y:1);19.5;25
4;[2](x: 0, y:0);-1.5;8
4;[2](x: 0, y:1);-3;3
4;[2](x: 1, y:0);-3;5
4;[2](x: 1, y:2);-3;3
4;[2](x: 2, y:0);-3;3
4;[2](x: 2, y:1);-3;3
3;[1](x: 1, y:2);1;6
4;[2](x: 0, y:0);0.5;1
4;[2](x: 0, y:1);-1;1
4;[2](x: 1, y:0);-1;1
4;[2](x: 1, y:1);0.5;1
4;[2](x: 2, y:0);1;1
4;[2](x: 2, y:1);1;1
3;[1](x: 2, y:0);6.5;12
4;[2](x: 0, y:0);1.5;5
4;[2](x: 0, y:1);-1;1
4;[2](x: 1, y:0);-1;1
4;[2](x: 1, y:1);-1;3
4;[2](x: 1, y:2);-1;1
4;[2](x: 2, y:1);-1;1
3;[1](x: 2, y:1);-1;3
4;[2](x: 0, y:0);-1;1
4;[2](x: 0, y:1);1;1
4;[2](x: 1, y:0);0;0
4;[2](x: 1, y:1);0;0
4;[2](x: 1, y:2);0;0
4;[2](x: 2, y:0);1;1
2;[2](x: 1, y:0);-18;52
3;[1](x: 0, y:0);3;8
4;[2](x: 0, y:1);-1;1
4;[2](x: 0, y:2);1.5;2
4;[2](x: 1, y:1);1.5;2
4;[2](x: 1, y:2);-1;1
4;[2](x: 2, y:0);-1;1
4;[2](x: 2, y:1);-1;1
3;[1](x: 0, y:1);0.5;5
4;[2](x: 0, y:0);0.5;1
4;[2](x: 0, y:2);-1;1
4;[2](x: 1, y:1);1;1
4;[2](x: 1, y:2);-1;1
4;[2](x: 2, y:0);1;1
4;[2](x: 2, y:1);0;0
3;[1](x: 0, y:2);-2;2
4;[2](x: 0, y:0);1;1
4;[2](x: 0, y:1);0;0
4;[2](x: 1, y:1);1;1
4;[2](x: 1, y:2);0;0
4;[2](x: 2, y:0);0;0
4;[2](x: 2, y:1);0;0
3;[1](x: 1, y:1);15.5;20
4;[2](x: 0, y:0);-2.5;6
4;[2](x: 0, y:1);-3;3
4;[2](x: 0, y:2);-3;3
4;[2](x: 1, y:2);-3;3
4;[2](x: 2, y:0);-1;3
4;[2](x: 2, y:1);-2;2
3;[1](x: 1, y:2);-1;3
4;[2](x: 0, y:0);1;1
4;[2](x: 0, y:1);-1;1
4;[2](x: 0, y:2);1;1
4;[2](x: 1, y:1);0;0
4;[2](x: 2, y:0);0;0
4;[2](x: 2, y:1);0;0
3;[1](x: 2, y:0);5;9
4;[2](x: 0, y:0);-1;1
4;[2](x: 0, y:1);-1;1
4;[2](x: 0, y:2);-1;1
4;[2](x: 1, y:1);-1;3
4;[2](x: 1, y:2);0;2
4;[2](x: 2, y:1);-1;1
3;[1](x: 2, y:1);1;5
4;[2](x: 0, y:0);-1;1
4;[2](x: 0, y:1);-1;1
4;[2](x: 0, y:2);-1;1
4;[2](x: 1, y:1);1;1
4;[2](x: 1, y:2);0;0
4;[2](x: 2, y:0);0;0
2;[2](x: 1, y:1);-3;266
3;[1](x: 0, y:0);-4.5;10
4;[2](x: 0, y:1);-1;1
4;[2](x: 0, y:2);2;2
4;[2](x: 1, y:0);1.5;2
4;[2](x: 1, y:2);2;2
4;[2](x: 2, y:0);2;2
4;[2](x: 2, y:1);-1;1
3;[1](x: 0, y:1);-4.5;8
4;[2](x: 0, y:0);0.5;1
4;[2](x: 0, y:2);2;2
4;[2](x: 1, y:0);2;2
4;[2](x: 1, y:2);1;1
4;[2](x: 2, y:0);1;1
4;[2](x: 2, y:1);-1;1
3;[1](x: 0, y:2);23;71
4;[2](x: 0, y:0);-3;6
4;[2](x: 0, y:1);-2.5;8
4;[2](x: 1, y:0);-3;5
4;[2](x: 1, y:2);12.5;43
4;[2](x: 2, y:0);-3;3
4;[2](x: 2, y:1);-3;5
3;[1](x: 1, y:0);2;30
4;[2](x: 0, y:0);0;5
4;[2](x: 0, y:1);0;4
4;[2](x: 0, y:2);-1;3
4;[2](x: 1, y:2);0;5
4;[2](x: 2, y:0);4;7
4;[2](x: 2, y:1);3;6
3;[1](x: 1, y:2);19;66
4;[2](x: 0, y:0);-4;4
4;[2](x: 0, y:1);-3;11
4;[2](x: 0, y:2);3.5;23
4;[2](x: 1, y:0);-4;4
4;[2](x: 2, y:0);-3;11
4;[2](x: 2, y:1);-2.5;13
3;[1](x: 2, y:0);3;31
4;[2](x: 0, y:0);-2;2
4;[2](x: 0, y:1);-1;5
4;[2](x: 0, y:2);-2;2
4;[2](x: 1, y:0);-2;2
4;[2](x: 1, y:2);0;6
4;[2](x: 2, y:1);8;14
3;[1](x: 2, y:1);11;50
4;[2](x: 0, y:0);-2;6
4;[2](x: 0, y:1);-3;3
4;[2](x: 0, y:2);-1;9
4;[2](x: 1, y:0);-2;8
4;[2](x: 1, y:2);-1;10
4;[2](x: 2, y:0);4;14
2;[2](x: 1, y:2);-16;37
3;[1](x: 0, y:0);1;5
4;[2](x: 0, y:1);1;1
4;[2](x: 0, y:2);-1;1
4;[2](x: 1, y:0);-1;1
4;[2](x: 1, y:1);1;1
4;[2](x: 2, y:0);0;0
4;[2](x: 2, y:1);-1;1
3;[1](x: 0, y:1);-1;1
4;[2](x: 0, y:0);0;0
4;[2](x: 0, y:2);1;1
4;[2](x: 1, y:0);0;0
4;[2](x: 1, y:1);0;0
4;[2](x: 2, y:0);0;0
4;[2](x: 2, y:1);0;0
3;[1](x: 0, y:2);-1;1
3;[1](x: 1, y:0);3.5;6
4;[2](x: 0, y:0);0.5;1
4;[2](x: 0, y:1);-1;1
4;[2](x: 0, y:2);-1;1
4;[2](x: 1, y:1);1;1
4;[2](x: 2, y:0);-1;1
4;[2](x: 2, y:1);-1;1
3;[1](x: 1, y:1);7;9
4;[2](x: 0, y:0);-1;3
4;[2](x: 0, y:1);-2;2
4;[2](x: 0, y:2);-1;1
4;[2](x: 1, y:0);-1;1
4;[2](x: 2, y:0);-1;1
4;[2](x: 2, y:1);-1;1
3;[1](x: 2, y:0);4;8
4;[2](x: 0, y:0);-1;1
4;[2](x: 0, y:1);-1;1
4;[2](x: 0, y:2);-1;1
4;[2](x: 1, y:0);-1;1
4;[2](x: 1, y:1);1;3
4;[2](x: 2, y:1);-1;1
3;[1](x: 2, y:1);4.5;7
4;[2](x: 0, y:0);-1;1
4;[2](x: 0, y:1);-1;1
4;[2](x: 0, y:2);-1;1
4;[2](x: 1, y:0);-1;1
4;[2](x: 1, y:1);1.5;2
4;[2](x: 2, y:0);-1;1
2;[2](x: 2, y:0);-20;100
3;[1](x: 0, y:0);13;26
4;[2](x: 0, y:1);-2;4
4;[2](x: 0, y:2);-3;3
4;[2](x: 1, y:0);-3;3
4;[2](x: 1, y:1);0;4
4;[2](x: 1, y:2);-1;10
4;[2](x: 2, y:1);-2;2
3;[1](x: 0, y:1);-2;5
4;[2](x: 0, y:0);1;1
4;[2](x: 0, y:2);1;1
4;[2](x: 1, y:0);1;1
4;[2](x: 1, y:1);0;0
4;[2](x: 1, y:2);0.5;1
4;[2](x: 2, y:1);0;0
3;[1](x: 0, y:2);6;14
4;[2](x: 0, y:0);1;4
4;[2](x: 0, y:1);-1;1
4;[2](x: 1, y:0);-1;1
4;[2](x: 1, y:1);0.5;5
4;[2](x: 1, y:2);-0.5;2
4;[2](x: 2, y:1);-1;1
3;[1](x: 1, y:0);10.5;22
4;[2](x: 0, y:0);-2;2
4;[2](x: 0, y:1);-2;2
4;[2](x: 0, y:2);-2;4
4;[2](x: 1, y:1);1.5;8
4;[2](x: 1, y:2);-1;4
4;[2](x: 2, y:1);-2;2
3;[1](x: 1, y:1);2.5;13
4;[2](x: 0, y:0);2;6
4;[2](x: 0, y:1);-1;1
4;[2](x: 0, y:2);-1;1
4;[2](x: 1, y:0);-1;1
4;[2](x: 1, y:2);0.5;3
4;[2](x: 2, y:1);-1;1
3;[1](x: 1, y:2);3;13
4;[2](x: 0, y:0);0;4
4;[2](x: 0, y:1);0;4
4;[2](x: 0, y:2);0;2
4;[2](x: 1, y:0);-1;1
4;[2](x: 1, y:1);-1;1
4;[2](x: 2, y:1);-1;1
3;[1](x: 2, y:1);-2;6
4;[2](x: 0, y:0);1;1
4;[2](x: 0, y:1);-1;1
4;[2](x: 0, y:2);-1;1
4;[2](x: 1, y:0);1;1
4;[2](x: 1, y:1);1;1
4;[2](x: 1, y:2);1;1
2;[2](x: 2, y:1);-16;37
3;[1](x: 0, y:0);8;10
4;[2](x: 0, y:1);-2;2
4;[2](x: 0, y:2);-2;2
4;[2](x: 1, y:0);-2;2
4;[2](x: 1, y:1);0;2
4;[2](x: 1, y:2);-1;1
4;[2](x: 2, y:0);-1;1
3;[1](x: 0, y:1);-2;2
4;[2](x: 0, y:0);1;1
4;[2](x: 0, y:2);1;1
4;[2](x: 1, y:0);0;0
4;[2](x: 1, y:1);0;0
4;[2](x: 1, y:2);0;0
4;[2](x: 2, y:0);0;0
3;[1](x: 0, y:2);3;5
4;[2](x: 0, y:0);-1;1
4;[2](x: 0, y:1);1;1
4;[2](x: 1, y:0);-1;1
4;[2](x: 1, y:1);-1;1
4;[2](x: 1, y:2);-1;1
4;[2](x: 2, y:0);0;0
3;[1](x: 1, y:0);-1;1
4;[2](x: 0, y:0);0;0
4;[2](x: 0, y:1);0;0
4;[2](x: 0, y:2);0;0
4;[2](x: 1, y:1);0;0
4;[2](x: 1, y:2);1;1
4;[2](x: 2, y:0);0;0
3;[1](x: 1, y:1);8;10
4;[2](x: 0, y:0);-2;2
4;[2](x: 0, y:1);-1;3
4;[2](x: 0, y:2);-2;2
4;[2](x: 1, y:0);-1;1
4;[2](x: 1, y:2);-1;1
4;[2](x: 2, y:0);-1;1
3;[1](x: 1, y:2);0;4
4;[2](x: 0, y:0);-1;1
4;[2](x: 0, y:1);1;1
4;[2](x: 0, y:2);1;1
4;[2](x: 1, y:0);0;0
4;[2](x: 1, y:1);0;0
4;[2](x: 2, y:0);-1;1
3;[1](x: 2, y:0);2;5
4;[2](x: 0, y:0);-1;1
4;[2](x: 0, y:1);-1;1
4;[2](x: 0, y:2);1;1
4;[2](x: 1, y:0);0;0
4;[2](x: 1, y:1);0;0
4;[2](x: 1, y:2);0.5;1
