0;[1]0;32170;64900
1;[1](x: 0, y:1);5670;11336
2;[2](x: 0, y:2);-9;9
2;[2](x: 1, y:0);-9.5;17
2;[2](x: 1, y:2);-9;14
2;[2](x: 2, y:0);-9.5;17
2;[2](x: 2, y:1);5440;11270
2;[2](x: 2, y:2);-9;9
1;[1](x: 0, y:2);4868.5;9799
2;[2](x: 0, y:1);-8.5;20
2;[2](x: 1, y:0);-9;17
2;[2](x: 1, y:2);-9;12
2;[2](x: 2, y:0);4797;9720
2;[2](x: 2, y:1);-9;17
2;[2](x: 2, y:2);-9;13
1;[1](x: 1, y:0);5728.5;11448
2;[2](x: 0, y:1);-15;27
2;[2](x: 0, y:2);-16;31
2;[2](x: 1, y:2);5472;11342
2;[2](x: 2, y:0);-14.5;25
2;[2](x: 2, y:1);-11;14
2;[2](x: 2, y:2);-9;9
1;[1](x: 1, y:2);3874.5;7885
2;[2](x: 0, y:1);-11;19
2;[2](x: 0, y:2);-12;25
2;[2](x: 1, y:0);3857.5;7803
2;[2](x: 2, y:0);-11;19
2;[2](x: 2, y:1);-8;8
2;[2](x: 2, y:2);-9;11
1;[1](x: 2, y:0);4856;9775
2;[2](x: 0, y:1);-9;19
2;[2](x: 0, y:2);4791.5;9708
2;[2](x: 1, y:0);-8.5;13
2;[2](x: 1, y:2);-9;11
2;[2](x: 2, y:1);-9;12
2;[2](x: 2, y:2);-9;11
1;[1](x: 2, y:1);3727.5;7601
2;[2](x: 0, y:1);3719.5;7524
2;[2](x: 0, y:2);-9;17
2;[2](x: 1, y:0);-9;19
2;[2](x: 1, y:2);-9;14
2;[2](x: 2, y:0);-9;17
2;[2](x: 2, y:2);-8;10
1;[1](x: 2, y:2);3445;7056
2;[2](x: 0, y:1);-8;18
2;[2](x: 0, y:2);1408.5;2930
2;[2](x: 1, y:0);-7.5;24
2;[2](x: 1, y:2);-8;16
2;[2](x: 2, y:0);1958.5;4034
2;[2](x: 2, y:1);-6.5;34
