0;[2]0;34730;70200
1;[2](x: 0, y:1);-12;21
2;[1](x: 0, y:2);6;7
3;[2](x: 1, y:2);-1;4
4;[1](x: 2, y:0);2;2
4;[1](x: 2, y:1);0.5;1
4;[1](x: 2, y:2);0.5;1
3;[2](x: 2, y:0);-1;1
3;[2](x: 2, y:1);-1;1
4;[1](x: 1, y:2);0;0
4;[1](x: 2, y:0);0;0
4;[1](x: 2, y:2);1;1
3;[2](x: 2, y:2);-1;1
4;[1](x: 1, y:2);0;0
4;[1](x: 2, y:0);0;0
4;[1](x: 2, y:1);1;1
2;[1](x: 1, y:2);9;9
2;[1](x: 2, y:0);0;2
3;[2](x: 0, y:2);1;1
3;[2](x: 1, y:2);0;0
3;[2](x: 2, y:1);-1;1
3;[2](x: 2, y:2);0;0
2;[1](x: 2, y:1);-1;1
2;[1](x: 2, y:2);0;2
3;[2](x: 0, y:2);1;1
3;[2](x: 1, y:2);0;0
3;[2](x: 2, y:0);-1;1
3;[2](x: 2, y:1);0;0
1;[2](x: 0, y:2);-13;26
2;[1](x: 0, y:1);2;5
3;[2](x: 1, y:2);1.5;2
4;[1](x: 2, y:0);-1;1
4;[1](x: 2, y:1);0;0
4;[1](x: 2, y:2);0.5;1
3;[2](x: 2, y:0);-1;1
3;[2](x: 2, y:1);0.5;1
4;[1](x: 1, y:2);0;0
4;[1](x: 2, y:0);0;0
4;[1](x: 2, y:2);0.5;1
3;[2](x: 2, y:2);-1;1
4;[1](x: 1, y:2);1;1
4;[1](x: 2, y:0);0;0
4;[1](x: 2, y:1);0;0
2;[1](x: 1, y:2);15;15
2;[1](x: 2, y:0);-1;1
3;[2](x: 0, y:1);0;0
3;[2](x: 1, y:2);0;0
3;[2](x: 2, y:1);1;1
3;[2](x: 2, y:2);0;0
2;[1](x: 2, y:1);-1;3
3;[2](x: 0, y:1);1;1
3;[2](x: 1, y:2);0;0
3;[2](x: 2, y:0);1;1
3;[2](x: 2, y:2);0;0
2;[1](x: 2, y:2);-1;1
3;[2](x: 0, y:1);0;0
3;[2](x: 1, y:2);1;1
3;[2](x: 2, y:0);0;0
3;[2](x: 2, y:1);0;0
1;[2](x: 1, y:2);34790;70099
2;[1](x: 0, y:1);9459.5;18871
3;[2](x: 0, y:2);-9.5;19
4;[1](x: 2, y:0);-0.5;2
4;[1](x: 2, y:1);12;12
4;[1](x: 2, y:2);3;5
3;[2](x: 2, y:0);-10;22
4;[1](x: 0, y:2);3;5
4;[1](x: 2, y:1);12;12
4;[1](x: 2, y:2);3;5
3;[2](x: 2, y:1);9384;18819
4;[1](x: 0, y:2);3161;6314
4;[1](x: 2, y:0);3170.5;6332
4;[1](x: 2, y:2);3086.5;6173
3;[2](x: 2, y:2);-9;11
4;[1](x: 0, y:2);4;4
4;[1](x: 2, y:0);0;2
4;[1](x: 2, y:1);4;4
2;[1](x: 0, y:2);9529.5;19006
3;[2](x: 0, y:1);-9.5;20
4;[1](x: 2, y:0);10;10
4;[1](x: 2, y:1);3;5
4;[1](x: 2, y:2);3.5;5
3;[2](x: 2, y:0);9452.5;18953
4;[1](x: 0, y:1);3186.5;6365
4;[1](x: 2, y:1);3186.5;6365
4;[1](x: 2, y:2);3111.5;6223
3;[2](x: 2, y:1);-9.5;23
4;[1](x: 0, y:1);3;5
4;[1](x: 2, y:0);11;11
4;[1](x: 2, y:2);4;6
3;[2](x: 2, y:2);-9;9
4;[1](x: 0, y:1);3;3
4;[1](x: 2, y:0);3;3
4;[1](x: 2, y:1);3;3
2;[1](x: 2, y:0);-10.5;30
3;[2](x: 0, y:1);-2;2
4;[1](x: 0, y:2);1;1
4;[1](x: 2, y:1);1;1
4;[1](x: 2, y:2);0;0
3;[2](x: 0, y:2);20.5;23
4;[1](x: 0, y:1);-5;8
4;[1](x: 2, y:1);-4;4
4;[1](x: 2, y:2);-5.5;10
3;[2](x: 2, y:1);-2;2
4;[1](x: 0, y:1);1;1
4;[1](x: 0, y:2);0;0
4;[1](x: 2, y:2);1;1
3;[2](x: 2, y:2);-1;3
4;[1](x: 0, y:1);-1;1
4;[1](x: 0, y:2);1;1
4;[1](x: 2, y:1);1;1
2;[1](x: 2, y:1);8303.5;16639
3;[2](x: 0, y:1);8291.5;16591
4;[1](x: 0, y:2);8286.5;16564
4;[1](x: 2, y:0);-9;11
4;[1](x: 2, y:2);-10;16
3;[2](x: 0, y:2);-10;16
4;[1](x: 0, y:1);13;13
4;[1](x: 2, y:0);-1;1
4;[1](x: 2, y:2);-1;1
3;[2](x: 2, y:0);-9;21
4;[1](x: 0, y:1);11;11
4;[1](x: 0, y:2);3;5
4;[1](x: 2, y:2);3;5
3;[2](x: 2, y:2);-9;11
4;[1](x: 0, y:1);5;5
4;[1](x: 0, y:2);4;4
4;[1](x: 2, y:0);0;2
2;[1](x: 2, y:2);7742;15553
3;[2](x: 0, y:1);2074.5;4154
4;[1](x: 0, y:2);2068;4129
4;[1](x: 2, y:0);-8;10
4;[1](x: 2, y:1);-7.5;15
3;[2](x: 0, y:2);2042.5;4094
4;[1](x: 0, y:1);2040;4072
4;[1](x: 2, y:0);-7.5;12
4;[1](x: 2, y:1);-8;10
3;[2](x: 2, y:0);1820.5;3677
4;[1](x: 0, y:1);624.5;1243
4;[1](x: 0, y:2);596;1192
4;[1](x: 2, y:1);624;1242
3;[2](x: 2, y:1);1794.5;3628
4;[1](x: 0, y:1);587.5;1175
4;[1](x: 0, y:2);616;1226
4;[1](x: 2, y:0);616;1226
1;[2](x: 2, y:0);-13.5;26
2;[1](x: 0, y:1);3;5
3;[2](x: 0, y:2);-1;1
4;[1](x: 1, y:2);1;1
4;[1](x: 2, y:1);0;0
4;[1](x: 2, y:2);0;0
3;[2](x: 1, y:2);-1;1
4;[1](x: 0, y:2);0;0
4;[1](x: 2, y:1);0;0
4;[1](x: 2, y:2);1;1
3;[2](x: 2, y:1);-1;1
3;[2](x: 2, y:2);0;2
4;[1](x: 0, y:2);-1;1
4;[1](x: 1, y:2);1;1
4;[1](x: 2, y:1);0;0
2;[1](x: 0, y:2);1.5;4
3;[2](x: 0, y:1);-1;1
4;[1](x: 1, y:2);0;0
4;[1](x: 2, y:1);1;1
4;[1](x: 2, y:2);0;0
3;[2](x: 1, y:2);0.5;1
4;[1](x: 0, y:1);0;0
4;[1](x: 2, y:1);0.5;1
4;[1](x: 2, y:2);0;0
3;[2](x: 2, y:1);1;1
4;[1](x: 0, y:1);-1;1
4;[1](x: 1, y:2);0;0
4;[1](x: 2, y:2);0;0
3;[2](x: 2, y:2);-1;1
2;[1](x: 1, y:2);12;12
2;[1](x: 2, y:1);-0.5;2
3;[2](x: 0, y:1);1;1
4;[1](x: 0, y:2);0;0
4;[1](x: 1, y:2);0;0
4;[1](x: 2, y:2);-1;1
3;[2](x: 0, y:2);0;0
3;[2](x: 1, y:2);0.5;1
3;[2](x: 2, y:2);0;0
2;[1](x: 2, y:2);0.5;3
3;[2](x: 0, y:1);-1;1
3;[2](x: 0, y:2);1;1
4;[1](x: 0, y:1);0;0
4;[1](x: 1, y:2);0;0
4;[1](x: 2, y:1);-1;1
3;[2](x: 1, y:2);0.5;1
4;[1](x: 0, y:1);0;0
4;[1](x: 0, y:2);0.5;1
4;[1](x: 2, y:1);0;0
3;[2](x: 2, y:1);0;0
1;[2](x: 2, y:1);-11.5;18
2;[1](x: 0, y:1);3.5;4
3;[2](x: 0, y:2);-1;1
3;[2](x: 1, y:2);-1;1
4;[1](x: 0, y:2);1;1
4;[1](x: 2, y:0);0;0
4;[1](x: 2, y:2);0;0
3;[2](x: 2, y:0);0.5;1
4;[1](x: 0, y:2);0;0
4;[1](x: 1, y:2);0;0
4;[1](x: 2, y:2);0.5;1
3;[2](x: 2, y:2);-1;1
4;[1](x: 0, y:2);0;0
4;[1](x: 1, y:2);1;1
4;[1](x: 2, y:0);0;0
2;[1](x: 0, y:2);2.5;3
3;[2](x: 0, y:1);-1;1
4;[1](x: 1, y:2);0;0
4;[1](x: 2, y:0);0;0
4;[1](x: 2, y:2);1;1
3;[2](x: 1, y:2);-1;1
3;[2](x: 2, y:0);0.5;1
4;[1](x: 0, y:1);0.5;1
4;[1](x: 1, y:2);0;0
4;[1](x: 2, y:2);0;0
3;[2](x: 2, y:2);0;0
2;[1](x: 1, y:2);4;4
2;[1](x: 2, y:0);4;4
3;[2](x: 0, y:1);-1;1
4;[1](x: 0, y:2);1;1
4;[1](x: 1, y:2);0;0
4;[1](x: 2, y:2);0;0
3;[2](x: 0, y:2);-1;1
3;[2](x: 1, y:2);-1;1
4;[1](x: 0, y:1);1;1
4;[1](x: 0, y:2);0;0
4;[1](x: 2, y:2);0;0
3;[2](x: 2, y:2);-1;1
4;[1](x: 0, y:1);1;1
4;[1](x: 0, y:2);0;0
4;[1](x: 1, y:2);0;0
2;[1](x: 2, y:2);0.5;3
3;[2](x: 0, y:1);1;1
4;[1](x: 0, y:2);0;0
4;[1](x: 1, y:2);0;0
4;[1](x: 2, y:0);-1;1
3;[2](x: 0, y:2);0;0
3;[2](x: 1, y:2);-1;1
3;[2](x: 2, y:0);0;0
1;[2](x: 2, y:2);-10;10
2;[1](x: 0, y:1);2;2
3;[2](x: 0, y:2);0;0
3;[2](x: 1, y:2);0;0
3;[2](x: 2, y:0);0;0
3;[2](x: 2, y:1);-1;1
2;[1](x: 0, y:2);2;2
3;[2](x: 0, y:1);-1;1
4;[1](x: 1, y:2);0;0
4;[1](x: 2, y:0);0;0
4;[1](x: 2, y:1);1;1
3;[2](x: 1, y:2);-1;1
3;[2](x: 2, y:0);0;0
3;[2](x: 2, y:1);0;0
2;[1](x: 1, y:2);2;2
2;[1](x: 2, y:0);2;2
3;[2](x: 0, y:1);-1;1
4;[1](x: 0, y:2);1;1
4;[1](x: 1, y:2);0;0
4;[1](x: 2, y:1);0;0
3;[2](x: 0, y:2);0;0
3;[2](x: 1, y:2);-1;1
3;[2](x: 2, y:1);0;0
2;[1](x: 2, y:1);2;2
3;[2](x: 0, y:1);-1;1
4;[1](x: 0, y:2);0;0
4;[1](x: 1, y:2);1;1
4;[1](x: 2, y:0);0;0
3;[2](x: 0, y:2);0;0
3;[2](x: 1, y:2);-1;1
3;[2](x: 2, y:0);0;0
