0;[1]0;32170;64900
1;[1](x: 0, y:1);5670;11336
2;[2](x: 0, y:2);-9;9
3;[1](x: 1, y:0);2;2
4;[2](x: 1, y:2);-1;1
4;[2](x: 2, y:0);-1;1
4;[2](x: 2, y:1);0;0
4;[2](x: 2, y:2);0;0
3;[1](x: 1, y:2);2;2
4;[2](x: 1, y:0);-1;1
4;[2](x: 2, y:0);0;0
4;[2](x: 2, y:1);0;0
4;[2](x: 2, y:2);-1;1
3;[1](x: 2, y:0);2;2
4;[2](x: 1, y:0);-1;1
4;[2](x: 1, y:2);-1;1
4;[2](x: 2, y:1);0;0
4;[2](x: 2, y:2);0;0
3;[1](x: 2, y:1);2;2
3;[1](x: 2, y:2);1;1
2;[2](x: 1, y:0);-9.5;17
3;[1](x: 0, y:2);0;2
4;[2](x: 1, y:2);1;1
4;[2](x: 2, y:0);0;0
4;[2](x: 2, y:1);0;0
4;[2](x: 2, y:2);-1;1
3;[1](x: 1, y:2);-1;1
4;[2](x: 0, y:2);0;0
4;[2](x: 2, y:0);1;1
4;[2](x: 2, y:1);0;0
4;[2](x: 2, y:2);0;0
3;[1](x: 2, y:0);5.5;6
4;[2](x: 0, y:2);-2;2
4;[2](x: 1, y:2);-1;1
4;[2](x: 2, y:1);-1;1
4;[2](x: 2, y:2);-1;1
3;[1](x: 2, y:1);7;7
3;[1](x: 2, y:2);-1;1
4;[2](x: 0, y:2);1;1
4;[2](x: 1, y:2);0;0
4;[2](x: 2, y:0);0;0
4;[2](x: 2, y:1);0;0
2;[2](x: 1, y:2);-9;14
3;[1](x: 0, y:2);-1;1
4;[2](x: 1, y:0);0;0
4;[2](x: 2, y:0);1;1
4;[2](x: 2, y:1);0;0
4;[2](x: 2, y:2);0;0
3;[1](x: 1, y:0);2.5;3
4;[2](x: 0, y:2);0.5;1
4;[2](x: 2, y:0);-1;1
4;[2](x: 2, y:1);0;0
4;[2](x: 2, y:2);-1;1
3;[1](x: 2, y:0);4;4
4;[2](x: 0, y:2);-1;1
4;[2](x: 1, y:0);-1;1
4;[2](x: 2, y:1);-1;1
4;[2](x: 2, y:2);0;0
3;[1](x: 2, y:1);3;3
3;[1](x: 2, y:2);2.5;3
4;[2](x: 0, y:2);-1;1
4;[2](x: 1, y:0);-1;1
4;[2](x: 2, y:0);0.5;1
4;[2](x: 2, y:1);0;0
2;[2](x: 2, y:0);-9.5;17
3;[1](x: 0, y:2);-1;1
4;[2](x: 1, y:0);1;1
4;[2](x: 1, y:2);0;0
4;[2](x: 2, y:1);0;0
4;[2](x: 2, y:2);0;0
3;[1](x: 1, y:0);4.5;5
4;[2](x: 0, y:2);-1;1
4;[2](x: 1, y:2);-1;1
4;[2](x: 2, y:1);-0.5;2
4;[2](x: 2, y:2);-1;1
3;[1](x: 1, y:2);1;3
4;[2](x: 0, y:2);-1;1
4;[2](x: 1, y:0);1;1
4;[2](x: 2, y:1);-1;1
4;[2](x: 2, y:2);0;0
3;[1](x: 2, y:1);7;7
3;[1](x: 2, y:2);-1;1
4;[2](x: 0, y:2);0;0
4;[2](x: 1, y:0);1;1
4;[2](x: 1, y:2);0;0
4;[2](x: 2, y:1);0;0
2;[2](x: 2, y:1);5440;11270
3;[1](x: 0, y:2);-8;17
4;[2](x: 1, y:0);-1;1
4;[2](x: 1, y:2);-1;1
4;[2](x: 2, y:0);10;11
4;[2](x: 2, y:2);2;4
3;[1](x: 1, y:0);1638;3241
4;[2](x: 0, y:2);-8;17
4;[2](x: 1, y:2);1582.5;3201
4;[2](x: 2, y:0);-7.5;14
4;[2](x: 2, y:2);-7;9
3;[1](x: 1, y:2);1234.5;2495
4;[2](x: 0, y:2);-7;13
4;[2](x: 1, y:0);1227.5;2462
4;[2](x: 2, y:0);-7;11
4;[2](x: 2, y:2);-7;9
3;[1](x: 2, y:0);1682;3322
4;[2](x: 0, y:2);1620.5;3280
4;[2](x: 1, y:0);-8;17
4;[2](x: 1, y:2);-8;17
4;[2](x: 2, y:2);-7;7
3;[1](x: 2, y:2);1073.5;2195
4;[2](x: 0, y:2);233.5;491
4;[2](x: 1, y:0);300;608
4;[2](x: 1, y:2);220.5;468
4;[2](x: 2, y:0);311.5;628
2;[2](x: 2, y:2);-9;9
3;[1](x: 0, y:2);2;2
4;[2](x: 1, y:0);-1;1
4;[2](x: 1, y:2);-1;1
4;[2](x: 2, y:0);0;0
4;[2](x: 2, y:1);0;0
3;[1](x: 1, y:0);2;2
4;[2](x: 0, y:2);-1;1
4;[2](x: 1, y:2);0;0
4;[2](x: 2, y:0);0;0
4;[2](x: 2, y:1);-1;1
3;[1](x: 1, y:2);2;2
4;[2](x: 0, y:2);-1;1
4;[2](x: 1, y:0);-1;1
4;[2](x: 2, y:0);0;0
4;[2](x: 2, y:1);0;0
3;[1](x: 2, y:0);1;1
3;[1](x: 2, y:1);1;1
1;[1](x: 0, y:2);4868.5;9799
2;[2](x: 0, y:1);-8.5;20
3;[1](x: 1, y:0);3;4
4;[2](x: 1, y:2);0.5;1
4;[2](x: 2, y:0);0.5;1
4;[2](x: 2, y:1);-1;1
4;[2](x: 2, y:2);-1;1
3;[1](x: 1, y:2);0;2
4;[2](x: 1, y:0);1;1
4;[2](x: 2, y:0);0;0
4;[2](x: 2, y:1);0;0
4;[2](x: 2, y:2);-1;1
3;[1](x: 2, y:0);6;6
3;[1](x: 2, y:1);1.5;4
4;[2](x: 1, y:0);-1;1
4;[2](x: 1, y:2);0.5;1
4;[2](x: 2, y:0);1;1
4;[2](x: 2, y:2);-1;1
3;[1](x: 2, y:2);3;4
4;[2](x: 1, y:0);-1;1
4;[2](x: 1, y:2);0.5;1
4;[2](x: 2, y:0);0.5;1
4;[2](x: 2, y:1);-1;1
2;[2](x: 1, y:0);-9;17
3;[1](x: 0, y:1);1;3
4;[2](x: 1, y:2);-1;1
4;[2](x: 2, y:0);1;1
4;[2](x: 2, y:1);0;0
4;[2](x: 2, y:2);-1;1
3;[1](x: 1, y:2);-1;1
4;[2](x: 0, y:1);0;0
4;[2](x: 2, y:0);0;0
4;[2](x: 2, y:1);1;1
4;[2](x: 2, y:2);0;0
3;[1](x: 2, y:0);9;9
3;[1](x: 2, y:1);-1;1
3;[1](x: 2, y:2);0;2
4;[2](x: 0, y:1);1;1
4;[2](x: 1, y:2);-1;1
4;[2](x: 2, y:0);0;0
4;[2](x: 2, y:1);0;0
2;[2](x: 1, y:2);-9;12
3;[1](x: 0, y:1);3;3
4;[2](x: 1, y:0);-1;1
4;[2](x: 2, y:0);-1;1
4;[2](x: 2, y:1);0;0
4;[2](x: 2, y:2);0;0
3;[1](x: 1, y:0);1.5;2
4;[2](x: 0, y:1);-1;1
4;[2](x: 2, y:0);0.5;1
4;[2](x: 2, y:1);0;0
4;[2](x: 2, y:2);0;0
3;[1](x: 2, y:0);3;3
3;[1](x: 2, y:1);1.5;2
4;[2](x: 0, y:1);0.5;1
4;[2](x: 1, y:0);0;0
4;[2](x: 2, y:0);0;0
4;[2](x: 2, y:2);-1;1
3;[1](x: 2, y:2);2;2
4;[2](x: 0, y:1);-1;1
4;[2](x: 1, y:0);-1;1
4;[2](x: 2, y:0);0;0
4;[2](x: 2, y:1);0;0
2;[2](x: 2, y:0);4797;9720
3;[1](x: 0, y:1);-9;16
4;[2](x: 1, y:0);7;7
4;[2](x: 1, y:2);0.5;3
4;[2](x: 2, y:1);4.5;5
4;[2](x: 2, y:2);-1;1
3;[1](x: 1, y:0);4848;9653
4;[2](x: 0, y:1);-8.5;19
4;[2](x: 1, y:2);4780.5;9606
4;[2](x: 2, y:1);-9;17
4;[2](x: 2, y:2);-9;11
3;[1](x: 1, y:2);-9;15
4;[2](x: 0, y:1);-1;1
4;[2](x: 1, y:0);12;12
4;[2](x: 2, y:1);-1;1
4;[2](x: 2, y:2);-1;1
3;[1](x: 2, y:1);-8.5;16
4;[2](x: 0, y:1);-0.5;2
4;[2](x: 1, y:0);11;11
4;[2](x: 1, y:2);-1;1
4;[2](x: 2, y:2);0;2
3;[1](x: 2, y:2);-8.5;20
4;[2](x: 0, y:1);-1;1
4;[2](x: 1, y:0);11;11
4;[2](x: 1, y:2);4;6
4;[2](x: 2, y:1);-1;1
2;[2](x: 2, y:1);-9;17
3;[1](x: 0, y:1);0.5;3
4;[2](x: 1, y:0);-1;1
4;[2](x: 1, y:2);0.5;1
4;[2](x: 2, y:0);1;1
4;[2](x: 2, y:2);0;0
3;[1](x: 1, y:0);2;3
4;[2](x: 0, y:1);-1;1
4;[2](x: 1, y:2);0.5;1
4;[2](x: 2, y:0);0.5;1
4;[2](x: 2, y:2);0;0
3;[1](x: 1, y:2);4;4
4;[2](x: 0, y:1);-1;1
4;[2](x: 1, y:0);-1;1
4;[2](x: 2, y:0);-1;1
4;[2](x: 2, y:2);-1;1
3;[1](x: 2, y:0);4;4
3;[1](x: 2, y:2);2.5;3
4;[2](x: 0, y:1);-1;1
4;[2](x: 1, y:0);-1;1
4;[2](x: 1, y:2);0.5;1
4;[2](x: 2, y:0);0;0
2;[2](x: 2, y:2);-9;13
3;[1](x: 0, y:1);-1;1
4;[2](x: 1, y:0);0;0
4;[2](x: 1, y:2);0;0
4;[2](x: 2, y:0);1;1
4;[2](x: 2, y:1);0;0
3;[1](x: 1, y:0);3;3
4;[2](x: 0, y:1);-1;1
4;[2](x: 1, y:2);-1;1
4;[2](x: 2, y:0);-1;1
4;[2](x: 2, y:1);0;0
3;[1](x: 1, y:2);1;3
4;[2](x: 0, y:1);-1;1
4;[2](x: 1, y:0);-1;1
4;[2](x: 2, y:0);1;1
4;[2](x: 2, y:1);0;0
3;[1](x: 2, y:0);3;3
3;[1](x: 2, y:1);3;3
4;[2](x: 0, y:1);-1;1
4;[2](x: 1, y:0);0;0
4;[2](x: 1, y:2);0;0
4;[2](x: 2, y:0);-1;1
1;[1](x: 1, y:0);5728.5;11448
2;[2](x: 0, y:1);-15;27
3;[1](x: 0, y:2);8;9
4;[2](x: 1, y:2);-1;4
4;[2](x: 2, y:0);-2;2
4;[2](x: 2, y:1);-2;2
4;[2](x: 2, y:2);-1;1
3;[1](x: 1, y:2);12;12
3;[1](x: 2, y:0);-1;1
4;[2](x: 0, y:2);0;0
4;[2](x: 1, y:2);1;1
4;[2](x: 2, y:1);0;0
4;[2](x: 2, y:2);0;0
3;[1](x: 2, y:1);-0.5;2
4;[2](x: 0, y:2);1;1
4;[2](x: 1, y:2);0.5;1
4;[2](x: 2, y:0);0;0
4;[2](x: 2, y:2);0;0
3;[1](x: 2, y:2);0.5;3
4;[2](x: 0, y:2);1;1
4;[2](x: 1, y:2);0;0
4;[2](x: 2, y:0);0.5;1
4;[2](x: 2, y:1);0;0
2;[2](x: 0, y:2);-16;31
3;[1](x: 0, y:1);2.5;5
4;[2](x: 1, y:2);0.5;1
4;[2](x: 2, y:0);-1;1
4;[2](x: 2, y:1);-1;1
4;[2](x: 2, y:2);0;2
3;[1](x: 1, y:2);16;16
3;[1](x: 2, y:0);-1;3
4;[2](x: 0, y:1);1;1
4;[2](x: 1, y:2);1;1
4;[2](x: 2, y:1);-1;1
4;[2](x: 2, y:2);0;0
3;[1](x: 2, y:1);1;5
4;[2](x: 0, y:1);2;2
4;[2](x: 1, y:2);-1;1
4;[2](x: 2, y:0);-1;1
4;[2](x: 2, y:2);-1;1
3;[1](x: 2, y:2);-0.5;2
4;[2](x: 0, y:1);1;1
4;[2](x: 1, y:2);0;0
4;[2](x: 2, y:0);0;0
4;[2](x: 2, y:1);0.5;1
2;[2](x: 1, y:2);5472;11342
3;[1](x: 0, y:1);1666;3294
4;[2](x: 0, y:2);-7.5;17
4;[2](x: 2, y:0);-8;17
4;[2](x: 2, y:1);1605.5;3250
4;[2](x: 2, y:2);-7;9
3;[1](x: 0, y:2);1678.5;3317
4;[2](x: 0, y:1);-7.5;15
4;[2](x: 2, y:0);1620.5;3280
4;[2](x: 2, y:1);-7.5;15
4;[2](x: 2, y:2);-7;7
3;[1](x: 2, y:0);-7.5;26
4;[2](x: 0, y:1);0;4
4;[2](x: 0, y:2);13.5;16
4;[2](x: 2, y:1);0;3
4;[2](x: 2, y:2);1;3
3;[1](x: 2, y:1);1257;2538
4;[2](x: 0, y:1);1246;2502
4;[2](x: 0, y:2);-7;11
4;[2](x: 2, y:0);-7;16
4;[2](x: 2, y:2);-7;9
3;[1](x: 2, y:2);1058;2167
4;[2](x: 0, y:1);306.5;618
4;[2](x: 0, y:2);287;584
4;[2](x: 2, y:0);229.5;483
4;[2](x: 2, y:1);229;482
2;[2](x: 2, y:0);-14.5;25
3;[1](x: 0, y:1);-1;1
4;[2](x: 0, y:2);0;0
4;[2](x: 1, y:2);0;0
4;[2](x: 2, y:1);0;0
4;[2](x: 2, y:2);1;1
3;[1](x: 0, y:2);2.5;5
4;[2](x: 0, y:1);-1;1
4;[2](x: 1, y:2);0.5;1
4;[2](x: 2, y:1);-1;1
4;[2](x: 2, y:2);1;1
3;[1](x: 1, y:2);10;10
3;[1](x: 2, y:1);7;8
4;[2](x: 0, y:1);-2;2
4;[2](x: 0, y:2);-1;1
4;[2](x: 1, y:2);-1;4
4;[2](x: 2, y:2);-1;1
3;[1](x: 2, y:2);-1;1
4;[2](x: 0, y:1);1;1
4;[2](x: 0, y:2);0;0
4;[2](x: 1, y:2);0;0
4;[2](x: 2, y:1);0;0
2;[2](x: 2, y:1);-11;14
3;[1](x: 0, y:1);1;2
4;[2](x: 0, y:2);0.5;1
4;[2](x: 1, y:2);0.5;1
4;[2](x: 2, y:0);0;0
4;[2](x: 2, y:2);0;0
3;[1](x: 0, y:2);3;3
4;[2](x: 0, y:1);-1;1
4;[2](x: 1, y:2);-1;1
4;[2](x: 2, y:0);0;0
4;[2](x: 2, y:2);-1;1
3;[1](x: 1, y:2);3;3
3;[1](x: 2, y:0);3;3
4;[2](x: 0, y:1);-1;1
4;[2](x: 0, y:2);-1;1
4;[2](x: 1, y:2);-1;1
4;[2](x: 2, y:2);0;0
3;[1](x: 2, y:2);3;3
4;[2](x: 0, y:1);-1;1
4;[2](x: 0, y:2);0;0
4;[2](x: 1, y:2);-1;1
4;[2](x: 2, y:0);0;0
2;[2](x: 2, y:2);-9;9
3;[1](x: 0, y:1);2;2
4;[2](x: 0, y:2);-1;1
4;[2](x: 1, y:2);-1;1
4;[2](x: 2, y:0);0;0
4;[2](x: 2, y:1);0;0
3;[1](x: 0, y:2);2;2
4;[2](x: 0, y:1);-1;1
4;[2](x: 1, y:2);-1;1
4;[2](x: 2, y:0);0;0
4;[2](x: 2, y:1);0;0
3;[1](x: 1, y:2);2;2
3;[1](x: 2, y:0);1;1
3;[1](x: 2, y:1);1;1
4;[2](x: 0, y:1);0;0
4;[2](x: 0, y:2);0;0
4;[2](x: 1, y:2);0;0
4;[2](x: 2, y:0);-1;1
1;[1](x: 1, y:2);3874.5;7885
2;[2](x: 0, y:1);-11;19
3;[1](x: 0, y:2);0;2
4;[2](x: 1, y:0);1;1
4;[2](x: 2, y:0);0;0
4;[2](x: 2, y:1);-1;1
4;[2](x: 2, y:2);0;0
3;[1](x: 1, y:0);11;11
3;[1](x: 2, y:0);0;2
4;[2](x: 0, y:2);1;1
4;[2](x: 1, y:0);0;0
4;[2](x: 2, y:1);0;0
4;[2](x: 2, y:2);-1;1
3;[1](x: 2, y:1);0;2
4;[2](x: 0, y:2);1;1
4;[2](x: 1, y:0);0;0
4;[2](x: 2, y:0);0;0
4;[2](x: 2, y:2);-1;1
3;[1](x: 2, y:2);0;2
4;[2](x: 0, y:2);1;1
4;[2](x: 1, y:0);0;0
4;[2](x: 2, y:0);-1;1
4;[2](x: 2, y:1);0;0
2;[2](x: 0, y:2);-12;25
3;[1](x: 0, y:1);0.5;3
4;[2](x: 1, y:0);-1;1
4;[2](x: 2, y:0);1;1
4;[2](x: 2, y:1);0.5;1
4;[2](x: 2, y:2);0;0
3;[1](x: 1, y:0);16;16
3;[1](x: 2, y:0);-0.5;2
4;[2](x: 0, y:1);1;1
4;[2](x: 1, y:0);0;0
4;[2](x: 2, y:1);0.5;1
4;[2](x: 2, y:2);0;0
3;[1](x: 2, y:1);-1;3
4;[2](x: 0, y:1);1;1
4;[2](x: 1, y:0);1;1
4;[2](x: 2, y:0);-1;1
4;[2](x: 2, y:2);0;0
3;[1](x: 2, y:2);-1;1
4;[2](x: 0, y:1);0;0
4;[2](x: 1, y:0);0;0
4;[2](x: 2, y:0);0;0
4;[2](x: 2, y:1);1;1
2;[2](x: 1, y:0);3857.5;7803
3;[1](x: 0, y:1);-9;15
4;[2](x: 0, y:2);-1;1
4;[2](x: 2, y:0);11;11
4;[2](x: 2, y:1);0;2
4;[2](x: 2, y:2);-1;1
3;[1](x: 0, y:2);-9;15
4;[2](x: 0, y:1);-1;1
4;[2](x: 2, y:0);12;12
4;[2](x: 2, y:1);-1;1
4;[2](x: 2, y:2);-1;1
3;[1](x: 2, y:0);3857;7744
4;[2](x: 0, y:1);-9;13
4;[2](x: 0, y:2);3847;7702
4;[2](x: 2, y:1);-8;20
4;[2](x: 2, y:2);-8;8
3;[1](x: 2, y:1);-9;15
4;[2](x: 0, y:1);1;3
4;[2](x: 0, y:2);0;2
4;[2](x: 2, y:0);9;9
4;[2](x: 2, y:2);-1;1
3;[1](x: 2, y:2);-8.5;14
4;[2](x: 0, y:1);-1;1
4;[2](x: 0, y:2);4.5;5
4;[2](x: 2, y:0);7;7
4;[2](x: 2, y:1);-1;1
2;[2](x: 2, y:0);-11;19
3;[1](x: 0, y:1);1;3
4;[2](x: 0, y:2);-1;1
4;[2](x: 1, y:0);1;1
4;[2](x: 2, y:1);-1;1
4;[2](x: 2, y:2);0;0
3;[1](x: 0, y:2);-1;1
4;[2](x: 0, y:1);0;0
4;[2](x: 1, y:0);0;0
4;[2](x: 2, y:1);0;0
4;[2](x: 2, y:2);1;1
3;[1](x: 1, y:0);12;12
3;[1](x: 2, y:1);0;2
4;[2](x: 0, y:1);1;1
4;[2](x: 0, y:2);0;0
4;[2](x: 1, y:0);0;0
4;[2](x: 2, y:2);-1;1
3;[1](x: 2, y:2);-1;1
4;[2](x: 0, y:1);0;0
4;[2](x: 0, y:2);1;1
4;[2](x: 1, y:0);0;0
4;[2](x: 2, y:1);0;0
2;[2](x: 2, y:1);-8;8
3;[1](x: 0, y:1);2;2
4;[2](x: 0, y:2);0;0
4;[2](x: 1, y:0);0;0
4;[2](x: 2, y:0);-1;1
4;[2](x: 2, y:2);0;0
3;[1](x: 0, y:2);2;2
4;[2](x: 0, y:1);-1;1
4;[2](x: 1, y:0);-1;1
4;[2](x: 2, y:0);0;0
4;[2](x: 2, y:2);0;0
3;[1](x: 1, y:0);2;2
3;[1](x: 2, y:0);1;1
4;[2](x: 0, y:1);0;0
4;[2](x: 0, y:2);-1;1
4;[2](x: 1, y:0);0;0
4;[2](x: 2, y:2);0;0
3;[1](x: 2, y:2);1;1
4;[2](x: 0, y:1);0;0
4;[2](x: 0, y:2);0;0
4;[2](x: 1, y:0);-1;1
4;[2](x: 2, y:0);0;0
2;[2](x: 2, y:2);-9;11
3;[1](x: 0, y:1);3;3
4;[2](x: 0, y:2);-1;1
4;[2](x: 1, y:0);-1;1
4;[2](x: 2, y:0);-1;1
4;[2](x: 2, y:1);0;0
3;[1](x: 0, y:2);2;2
4;[2](x: 0, y:1);-1;1
4;[2](x: 1, y:0);-1;1
4;[2](x: 2, y:0);0;0
4;[2](x: 2, y:1);0;0
3;[1](x: 1, y:0);2;2
3;[1](x: 2, y:0);-1;1
4;[2](x: 0, y:1);0;0
4;[2](x: 0, y:2);1;1
4;[2](x: 1, y:0);0;0
4;[2](x: 2, y:1);0;0
3;[1](x: 2, y:1);2;2
4;[2](x: 0, y:1);0;0
4;[2](x: 0, y:2);-1;1
4;[2](x: 1, y:0);0;0
4;[2](x: 2, y:0);0;0
1;[1](x: 2, y:0);4856;9775
2;[2](x: 0, y:1);-9;19
3;[1](x: 0, y:2);12;12
3;[1](x: 1, y:0);-1;1
3;[1](x: 1, y:2);-1;1
4;[2](x: 0, y:2);0;0
4;[2](x: 1, y:0);1;1
4;[2](x: 2, y:1);0;0
4;[2](x: 2, y:2);0;0
3;[1](x: 2, y:1);0;2
4;[2](x: 0, y:2);1;1
4;[2](x: 1, y:0);0;0
4;[2](x: 1, y:2);-1;1
4;[2](x: 2, y:2);0;0
3;[1](x: 2, y:2);0;2
4;[2](x: 0, y:2);1;1
4;[2](x: 1, y:0);-1;1
4;[2](x: 1, y:2);0;0
4;[2](x: 2, y:1);0;0
2;[2](x: 0, y:2);4791.5;9708
3;[1](x: 0, y:1);4841;9639
4;[2](x: 1, y:0);-9;21
4;[2](x: 1, y:2);-8.5;18
4;[2](x: 2, y:1);4773.5;9589
4;[2](x: 2, y:2);-9;11
3;[1](x: 1, y:0);-8.5;20
4;[2](x: 0, y:1);10;10
4;[2](x: 1, y:2);4.5;6
4;[2](x: 2, y:1);0;3
4;[2](x: 2, y:2);-1;1
3;[1](x: 1, y:2);-9;18
4;[2](x: 0, y:1);12;12
4;[2](x: 1, y:0);-0.5;2
4;[2](x: 2, y:1);-1;1
4;[2](x: 2, y:2);0;2
3;[1](x: 2, y:1);-9;15
4;[2](x: 0, y:1);9;9
4;[2](x: 1, y:0);-1;1
4;[2](x: 1, y:2);0;2
4;[2](x: 2, y:2);1;3
3;[1](x: 2, y:2);-9;16
4;[2](x: 0, y:1);7;7
4;[2](x: 1, y:0);1;3
4;[2](x: 1, y:2);0;2
4;[2](x: 2, y:1);3;4
2;[2](x: 1, y:0);-8.5;13
3;[1](x: 0, y:1);2.5;3
4;[2](x: 0, y:2);0.5;1
4;[2](x: 1, y:2);-1;1
4;[2](x: 2, y:1);-1;1
4;[2](x: 2, y:2);0;0
3;[1](x: 0, y:2);3;3
3;[1](x: 1, y:2);1.5;2
4;[2](x: 0, y:1);-1;1
4;[2](x: 0, y:2);0;0
4;[2](x: 2, y:1);0.5;1
4;[2](x: 2, y:2);0;0
3;[1](x: 2, y:1);3;3
4;[2](x: 0, y:1);-1;1
4;[2](x: 0, y:2);-1;1
4;[2](x: 1, y:2);-1;1
4;[2](x: 2, y:2);0;0
3;[1](x: 2, y:2);1.5;2
4;[2](x: 0, y:1);0;0
4;[2](x: 0, y:2);0;0
4;[2](x: 1, y:2);0;0
4;[2](x: 2, y:1);0.5;1
2;[2](x: 1, y:2);-9;11
3;[1](x: 0, y:1);0;2
4;[2](x: 0, y:2);1;1
4;[2](x: 1, y:0);-1;1
4;[2](x: 2, y:1);0;0
4;[2](x: 2, y:2);0;0
3;[1](x: 0, y:2);3;3
3;[1](x: 1, y:0);2;2
4;[2](x: 0, y:1);-1;1
4;[2](x: 0, y:2);0;0
4;[2](x: 2, y:1);-1;1
4;[2](x: 2, y:2);0;0
3;[1](x: 2, y:1);2;2
4;[2](x: 0, y:1);-1;1
4;[2](x: 0, y:2);0;0
4;[2](x: 1, y:0);-1;1
4;[2](x: 2, y:2);0;0
3;[1](x: 2, y:2);2;2
4;[2](x: 0, y:1);-1;1
4;[2](x: 0, y:2);0;0
4;[2](x: 1, y:0);0;0
4;[2](x: 2, y:1);-1;1
2;[2](x: 2, y:1);-9;12
3;[1](x: 0, y:1);3;3
4;[2](x: 0, y:2);-1;1
4;[2](x: 1, y:0);-1;1
4;[2](x: 1, y:2);-1;1
4;[2](x: 2, y:2);0;0
3;[1](x: 0, y:2);3;3
3;[1](x: 1, y:0);1.5;2
4;[2](x: 0, y:1);-1;1
4;[2](x: 0, y:2);0;0
4;[2](x: 1, y:2);0.5;1
4;[2](x: 2, y:2);0;0
3;[1](x: 1, y:2);2;2
4;[2](x: 0, y:1);-1;1
4;[2](x: 0, y:2);0;0
4;[2](x: 1, y:0);0;0
4;[2](x: 2, y:2);-1;1
3;[1](x: 2, y:2);1.5;2
4;[2](x: 0, y:1);0;0
4;[2](x: 0, y:2);0;0
4;[2](x: 1, y:0);0.5;1
4;[2](x: 1, y:2);0;0
2;[2](x: 2, y:2);-9;11
3;[1](x: 0, y:1);3;3
4;[2](x: 0, y:2);-1;1
4;[2](x: 1, y:0);-1;1
4;[2](x: 1, y:2);0;0
4;[2](x: 2, y:1);-1;1
3;[1](x: 0, y:2);3;3
3;[1](x: 1, y:0);2;2
4;[2](x: 0, y:1);-1;1
4;[2](x: 0, y:2);0;0
4;[2](x: 1, y:2);0;0
4;[2](x: 2, y:1);-1;1
3;[1](x: 1, y:2);2;2
4;[2](x: 0, y:1);-1;1
4;[2](x: 0, y:2);0;0
4;[2](x: 1, y:0);-1;1
4;[2](x: 2, y:1);0;0
3;[1](x: 2, y:1);-1;1
1;[1](x: 2, y:1);3727.5;7601
2;[2](x: 0, y:1);3719.5;7524
3;[1](x: 0, y:2);3717;7462
4;[2](x: 1, y:0);-9;13
4;[2](x: 1, y:2);-8;20
4;[2](x: 2, y:0);3706;7421
4;[2](x: 2, y:2);-8;8
3;[1](x: 1, y:0);-9;18
4;[2](x: 0, y:2);13;13
4;[2](x: 1, y:2);-1;1
4;[2](x: 2, y:0);-0.5;2
4;[2](x: 2, y:2);-1;1
3;[1](x: 1, y:2);-9;15
4;[2](x: 0, y:2);11;11
4;[2](x: 1, y:0);-1;1
4;[2](x: 2, y:0);0;2
4;[2](x: 2, y:2);-1;1
3;[1](x: 2, y:0);-9;15
4;[2](x: 0, y:2);12;12
4;[2](x: 1, y:0);-1;1
4;[2](x: 1, y:2);-1;1
4;[2](x: 2, y:2);-1;1
3;[1](x: 2, y:2);-8.5;14
4;[2](x: 0, y:2);7;7
4;[2](x: 1, y:0);-1;1
4;[2](x: 1, y:2);-1;1
4;[2](x: 2, y:0);4.5;5
2;[2](x: 0, y:2);-9;17
3;[1](x: 0, y:1);11;11
3;[1](x: 1, y:0);-1;1
3;[1](x: 1, y:2);0;2
4;[2](x: 0, y:1);1;1
4;[2](x: 1, y:0);0;0
4;[2](x: 2, y:0);0;0
4;[2](x: 2, y:2);-1;1
3;[1](x: 2, y:0);0;2
4;[2](x: 0, y:1);1;1
4;[2](x: 1, y:0);-1;1
4;[2](x: 1, y:2);0;0
4;[2](x: 2, y:2);0;0
3;[1](x: 2, y:2);-1;1
4;[2](x: 0, y:1);1;1
4;[2](x: 1, y:0);0;0
4;[2](x: 1, y:2);0;0
4;[2](x: 2, y:0);0;0
2;[2](x: 1, y:0);-9;19
3;[1](x: 0, y:1);12;12
3;[1](x: 0, y:2);0;2
4;[2](x: 0, y:1);1;1
4;[2](x: 1, y:2);0;0
4;[2](x: 2, y:0);0;0
4;[2](x: 2, y:2);-1;1
3;[1](x: 1, y:2);-1;1
3;[1](x: 2, y:0);-1;1
4;[2](x: 0, y:1);1;1
4;[2](x: 0, y:2);0;0
4;[2](x: 1, y:2);0;0
4;[2](x: 2, y:2);0;0
3;[1](x: 2, y:2);0;2
4;[2](x: 0, y:1);1;1
4;[2](x: 0, y:2);-1;1
4;[2](x: 1, y:2);0;0
4;[2](x: 2, y:0);0;0
2;[2](x: 1, y:2);-9;14
3;[1](x: 0, y:1);3;3
3;[1](x: 0, y:2);1;3
4;[2](x: 0, y:1);-1;1
4;[2](x: 1, y:0);-1;1
4;[2](x: 2, y:0);1;1
4;[2](x: 2, y:2);0;0
3;[1](x: 1, y:0);2.5;3
4;[2](x: 0, y:1);0.5;1
4;[2](x: 0, y:2);-1;1
4;[2](x: 2, y:0);-1;1
4;[2](x: 2, y:2);0;0
3;[1](x: 2, y:0);3;3
4;[2](x: 0, y:1);-1;1
4;[2](x: 0, y:2);-1;1
4;[2](x: 1, y:0);0;0
4;[2](x: 2, y:2);-1;1
3;[1](x: 2, y:2);1.5;2
4;[2](x: 0, y:1);0.5;1
4;[2](x: 0, y:2);-1;1
4;[2](x: 1, y:0);0;0
4;[2](x: 2, y:0);0;0
2;[2](x: 2, y:0);-9;17
3;[1](x: 0, y:1);10;10
3;[1](x: 0, y:2);-1;1
3;[1](x: 1, y:0);0;2
4;[2](x: 0, y:1);1;1
4;[2](x: 0, y:2);0;0
4;[2](x: 1, y:2);-1;1
4;[2](x: 2, y:2);0;0
3;[1](x: 1, y:2);0;2
4;[2](x: 0, y:1);1;1
4;[2](x: 0, y:2);0;0
4;[2](x: 1, y:0);0;0
4;[2](x: 2, y:2);-1;1
3;[1](x: 2, y:2);0;2
4;[2](x: 0, y:1);1;1
4;[2](x: 0, y:2);0;0
4;[2](x: 1, y:0);0;0
4;[2](x: 1, y:2);-1;1
2;[2](x: 2, y:2);-8;10
3;[1](x: 0, y:1);3;3
3;[1](x: 0, y:2);2;2
4;[2](x: 0, y:1);-1;1
4;[2](x: 1, y:0);0;0
4;[2](x: 1, y:2);-1;1
4;[2](x: 2, y:0);0;0
3;[1](x: 1, y:0);2;2
4;[2](x: 0, y:1);-1;1
4;[2](x: 0, y:2);0;0
4;[2](x: 1, y:2);-1;1
4;[2](x: 2, y:0);0;0
3;[1](x: 1, y:2);2;2
4;[2](x: 0, y:1);-1;1
4;[2](x: 0, y:2);-1;1
4;[2](x: 1, y:0);0;0
4;[2](x: 2, y:0);0;0
3;[1](x: 2, y:0);-1;1
4;[2](x: 0, y:1);1;1
4;[2](x: 0, y:2);0;0
4;[2](x: 1, y:0);0;0
4;[2](x: 1, y:2);0;0
1;[1](x: 2, y:2);3445;7056
2;[2](x: 0, y:1);-8;18
3;[1](x: 0, y:2);7;9
4;[2](x: 1, y:0);-1;3
4;[2](x: 1, y:2);-2;2
4;[2](x: 2, y:0);-2;2
4;[2](x: 2, y:1);-2;2
3;[1](x: 1, y:0);3;5
4;[2](x: 0, y:2);1;1
4;[2](x: 1, y:2);-1;1
4;[2](x: 2, y:0);-1;1
4;[2](x: 2, y:1);-1;1
3;[1](x: 1, y:2);0;2
4;[2](x: 0, y:2);1;1
4;[2](x: 1, y:0);-1;1
4;[2](x: 2, y:0);0;0
4;[2](x: 2, y:1);0;0
3;[1](x: 2, y:0);-1;1
4;[2](x: 0, y:2);1;1
4;[2](x: 1, y:0);0;0
4;[2](x: 1, y:2);0;0
4;[2](x: 2, y:1);0;0
3;[1](x: 2, y:1);-1;1
4;[2](x: 0, y:2);0;0
4;[2](x: 1, y:0);0;0
4;[2](x: 1, y:2);0;0
4;[2](x: 2, y:0);1;1
2;[2](x: 0, y:2);1408.5;2930
3;[1](x: 0, y:1);1454;2873
4;[2](x: 1, y:0);-7;15
4;[2](x: 1, y:2);-7.5;18
4;[2](x: 2, y:0);-7;9
4;[2](x: 2, y:1);1397.5;2831
3;[1](x: 1, y:0);-7;13
4;[2](x: 0, y:1);10;10
4;[2](x: 1, y:2);-1;1
4;[2](x: 2, y:0);-1;1
4;[2](x: 2, y:1);-1;1
3;[1](x: 1, y:2);-7;11
4;[2](x: 0, y:1);5;5
4;[2](x: 1, y:0);4;4
4;[2](x: 2, y:0);-1;1
4;[2](x: 2, y:1);-1;1
3;[1](x: 2, y:0);-7.5;19
4;[2](x: 0, y:1);10;10
4;[2](x: 1, y:0);0.5;3
4;[2](x: 1, y:2);-1;1
4;[2](x: 2, y:1);2;4
3;[1](x: 2, y:1);-7;13
4;[2](x: 0, y:1);10;10
4;[2](x: 1, y:0);-1;1
4;[2](x: 1, y:2);-1;1
4;[2](x: 2, y:0);-1;1
2;[2](x: 1, y:0);-7.5;24
3;[1](x: 0, y:1);0;4
4;[2](x: 0, y:2);1;1
4;[2](x: 1, y:2);-1;1
4;[2](x: 2, y:0);1;1
4;[2](x: 2, y:1);0;0
3;[1](x: 0, y:2);1;5
4;[2](x: 0, y:1);-1;1
4;[2](x: 1, y:2);-1;1
4;[2](x: 2, y:0);2;2
4;[2](x: 2, y:1);-1;1
3;[1](x: 1, y:2);-1;1
4;[2](x: 0, y:1);0;0
4;[2](x: 0, y:2);0;0
4;[2](x: 2, y:0);1;1
4;[2](x: 2, y:1);0;0
3;[1](x: 2, y:0);11.5;13
4;[2](x: 0, y:1);-2;2
4;[2](x: 0, y:2);-2;5
4;[2](x: 1, y:2);-2;2
4;[2](x: 2, y:1);-2.5;4
3;[1](x: 2, y:1);-1;1
4;[2](x: 0, y:1);0;0
4;[2](x: 0, y:2);0;0
4;[2](x: 1, y:2);0;0
4;[2](x: 2, y:0);1;1
2;[2](x: 1, y:2);-8;16
3;[1](x: 0, y:1);5;5
4;[2](x: 0, y:2);-2;2
4;[2](x: 1, y:0);-1;1
4;[2](x: 2, y:0);-1;1
4;[2](x: 2, y:1);-1;1
3;[1](x: 0, y:2);1;2
4;[2](x: 0, y:1);0.5;1
4;[2](x: 1, y:0);0;0
4;[2](x: 2, y:0);0.5;1
4;[2](x: 2, y:1);0;0
3;[1](x: 1, y:0);-1;1
3;[1](x: 2, y:0);3.5;4
4;[2](x: 0, y:1);-1;1
4;[2](x: 0, y:2);0.5;1
4;[2](x: 1, y:0);-1;1
4;[2](x: 2, y:1);-1;1
3;[1](x: 2, y:1);3.5;4
4;[2](x: 0, y:1);0.5;1
4;[2](x: 0, y:2);-1;1
4;[2](x: 1, y:0);-1;1
4;[2](x: 2, y:0);-1;1
2;[2](x: 2, y:0);1958.5;4034
3;[1](x: 0, y:1);-7.5;15
4;[2](x: 0, y:2);-1;1
4;[2](x: 1, y:0);11;11
4;[2](x: 1, y:2);-0.5;2
4;[2](x: 2, y:1);-1;1
3;[1](x: 0, y:2);-8;18
4;[2](x: 0, y:1);-0.5;2
4;[2](x: 1, y:0);10;10
4;[2](x: 1, y:2);3.5;5
4;[2](x: 2, y:1);-1;1
3;[1](x: 1, y:0);2004;3970
4;[2](x: 0, y:1);-8;16
4;[2](x: 0, y:2);-8;10
4;[2](x: 1, y:2);1944;3927
4;[2](x: 2, y:1);-8;17
3;[1](x: 1, y:2);-8;16
4;[2](x: 0, y:1);-1;1
4;[2](x: 0, y:2);-1;1
4;[2](x: 1, y:0);11;11
4;[2](x: 2, y:1);0;2
3;[1](x: 2, y:1);-8;15
4;[2](x: 0, y:1);4.5;5
4;[2](x: 0, y:2);-1;1
4;[2](x: 1, y:0);7;7
4;[2](x: 1, y:2);-0.5;2
2;[2](x: 2, y:1);-6.5;34
3;[1](x: 0, y:1);2.5;6
4;[2](x: 0, y:2);-0.5;2
4;[2](x: 1, y:0);1.5;2
4;[2](x: 1, y:2);-1;1
4;[2](x: 2, y:0);0.5;1
3;[1](x: 0, y:2);7;10
4;[2](x: 0, y:1);-2;2
4;[2](x: 1, y:0);-2;2
4;[2](x: 1, y:2);-1;1
4;[2](x: 2, y:0);-1;4
3;[1](x: 1, y:0);3.5;8
4;[2](x: 0, y:1);0;2
4;[2](x: 0, y:2);-0.5;4
4;[2](x: 1, y:2);-1;1
4;[2](x: 2, y:0);-1;1
3;[1](x: 1, y:2);-1;3
4;[2](x: 0, y:1);-1;1
4;[2](x: 0, y:2);1;1
4;[2](x: 1, y:0);1;1
4;[2](x: 2, y:0);0;0
3;[1](x: 2, y:0);3.5;7
4;[2](x: 0, y:1);-1;1
4;[2](x: 0, y:2);2.5;4
4;[2](x: 1, y:0);-1;1
4;[2](x: 1, y:2);-1;1
