0;[1]0;43174;86400
1;[1](x: 0, y:1);11556;23064
2;[2](x: 0, y:2);-10;21
3;[1](x: 2, y:0);0;3
4;[2](x: 2, y:1);0.5;1
4;[2](x: 2, y:2);1;1
3;[1](x: 2, y:1);13;13
3;[1](x: 2, y:2);3;5
4;[2](x: 2, y:0);-1;1
4;[2](x: 2, y:1);2;4
2;[2](x: 2, y:0);-9.5;20
3;[1](x: 0, y:2);3;5
4;[2](x: 2, y:1);2;4
4;[2](x: 2, y:2);-1;1
3;[1](x: 2, y:1);10;10
3;[1](x: 2, y:2);3.5;5
4;[2](x: 0, y:2);-1;1
4;[2](x: 2, y:1);1.5;3
2;[2](x: 2, y:1);11481.5;23011
3;[1](x: 0, y:2);3865;7722
4;[2](x: 2, y:0);3856.5;7713
4;[2](x: 2, y:2);-8;8
3;[1](x: 2, y:0);3864.5;7721
4;[2](x: 0, y:2);3856.5;7713
4;[2](x: 2, y:2);-8;8
3;[1](x: 2, y:2);3783.5;7567
4;[2](x: 0, y:2);1892;3784
4;[2](x: 2, y:0);1891.5;3783
2;[2](x: 2, y:2);-10;12
3;[1](x: 0, y:2);6;6
4;[2](x: 2, y:0);-3;3
4;[2](x: 2, y:1);-3;3
3;[1](x: 2, y:0);-1;1
4;[2](x: 0, y:2);1;1
4;[2](x: 2, y:1);0;0
3;[1](x: 2, y:1);5;5
1;[1](x: 0, y:2);11648;23242
2;[2](x: 0, y:1);-10;22
3;[1](x: 2, y:0);12;12
3;[1](x: 2, y:1);3;5
4;[2](x: 2, y:0);1.5;3
4;[2](x: 2, y:2);-1;1
3;[1](x: 2, y:2);3;5
4;[2](x: 2, y:0);2;4
4;[2](x: 2, y:1);-1;1
2;[2](x: 2, y:0);11568.5;23188
3;[1](x: 0, y:1);3891;7774
4;[2](x: 2, y:1);3883;7766
4;[2](x: 2, y:2);-8;8
3;[1](x: 2, y:1);3901.5;7794
4;[2](x: 0, y:1);3892.5;7785
4;[2](x: 2, y:2);-8;8
3;[1](x: 2, y:2);3810;7620
4;[2](x: 0, y:1);1905;3810
4;[2](x: 2, y:1);1905;3810
2;[2](x: 2, y:1);-10;22
3;[1](x: 0, y:1);3;5
4;[2](x: 2, y:0);1.5;3
4;[2](x: 2, y:2);-1;1
3;[1](x: 2, y:0);11;11
3;[1](x: 2, y:2);3;5
4;[2](x: 0, y:1);-1;1
4;[2](x: 2, y:0);2;4
2;[2](x: 2, y:2);-9;9
3;[1](x: 0, y:1);3;3
4;[2](x: 2, y:0);-2;2
4;[2](x: 2, y:1);-1;1
3;[1](x: 2, y:0);3;3
3;[1](x: 2, y:1);3;3
4;[2](x: 0, y:1);-1;1
4;[2](x: 2, y:0);-1;1
1;[1](x: 2, y:0);-10.5;33
2;[2](x: 0, y:1);-1;3
3;[1](x: 0, y:2);1;1
3;[1](x: 2, y:1);1;1
4;[2](x: 0, y:2);0;0
4;[2](x: 2, y:2);-1;1
3;[1](x: 2, y:2);-1;1
2;[2](x: 0, y:2);20.5;24
3;[1](x: 0, y:1);-5.5;10
4;[2](x: 2, y:1);1.5;3
4;[2](x: 2, y:2);7;7
3;[1](x: 2, y:1);-4;4
4;[2](x: 0, y:1);2;2
4;[2](x: 2, y:2);1;1
3;[1](x: 2, y:2);-4.5;9
4;[2](x: 0, y:1);6;6
4;[2](x: 2, y:1);1.5;3
2;[2](x: 2, y:1);-2;2
3;[1](x: 0, y:1);1;1
4;[2](x: 0, y:2);0;0
4;[2](x: 2, y:2);-1;1
3;[1](x: 0, y:2);0;0
3;[1](x: 2, y:2);1;1
2;[2](x: 2, y:2);0;4
3;[1](x: 0, y:1);-1;1
3;[1](x: 0, y:2);2;2
3;[1](x: 2, y:1);-1;1
4;[2](x: 0, y:1);0;0
4;[2](x: 0, y:2);1;1
1;[1](x: 2, y:1);10321;20672
2;[2](x: 0, y:1);10309.5;20627
3;[1](x: 0, y:2);10304;20599
4;[2](x: 2, y:0);10295;20590
4;[2](x: 2, y:2);-9;9
3;[1](x: 2, y:0);-9;11
4;[2](x: 0, y:2);10;10
4;[2](x: 2, y:2);-1;1
3;[1](x: 2, y:2);-9.5;17
4;[2](x: 0, y:2);12;12
4;[2](x: 2, y:0);2;4
2;[2](x: 0, y:2);-10;14
3;[1](x: 0, y:1);11;11
3;[1](x: 2, y:0);-1;1
4;[2](x: 0, y:1);1;1
4;[2](x: 2, y:2);0;0
3;[1](x: 2, y:2);-1;1
2;[2](x: 2, y:0);-9.5;20
3;[1](x: 0, y:1);10;10
3;[1](x: 0, y:2);3.5;5
4;[2](x: 0, y:1);1.5;3
4;[2](x: 2, y:2);-1;1
3;[1](x: 2, y:2);3;5
4;[2](x: 0, y:1);2;4
4;[2](x: 0, y:2);-1;1
2;[2](x: 2, y:2);-9;11
3;[1](x: 0, y:1);5;5
3;[1](x: 0, y:2);5;5
4;[2](x: 0, y:1);-2;2
4;[2](x: 2, y:0);-2;2
3;[1](x: 2, y:0);-1;1
4;[2](x: 0, y:1);0;0
4;[2](x: 0, y:2);1;1
1;[1](x: 2, y:2);9659.5;19389
2;[2](x: 0, y:1);2498;5010
3;[1](x: 0, y:2);2497;4985
4;[2](x: 2, y:0);2488;4976
4;[2](x: 2, y:1);-8;8
3;[1](x: 2, y:0);-8;10
4;[2](x: 0, y:2);9;9
4;[2](x: 2, y:1);-1;1
3;[1](x: 2, y:1);-8;14
4;[2](x: 0, y:2);10;10
4;[2](x: 2, y:0);2;4
2;[2](x: 0, y:2);2550.5;5109
3;[1](x: 0, y:1);2546.5;5085
4;[2](x: 2, y:0);-8;8
4;[2](x: 2, y:1);2538.5;5077
3;[1](x: 2, y:0);-8;14
4;[2](x: 0, y:1);10;10
4;[2](x: 2, y:1);2;4
3;[1](x: 2, y:1);-8;10
4;[2](x: 0, y:1);8;8
4;[2](x: 2, y:0);-1;1
2;[2](x: 2, y:0);2299.5;4635
3;[1](x: 0, y:1);785;1564
4;[2](x: 0, y:2);-6;6
4;[2](x: 2, y:1);779;1558
3;[1](x: 0, y:2);753.5;1507
4;[2](x: 0, y:1);377;754
4;[2](x: 2, y:1);376.5;753
3;[1](x: 2, y:1);785;1564
4;[2](x: 0, y:1);778.5;1557
4;[2](x: 0, y:2);-6;6
2;[2](x: 2, y:1);2299.5;4635
3;[1](x: 0, y:1);753.5;1507
4;[2](x: 0, y:2);377;754
4;[2](x: 2, y:0);376.5;753
3;[1](x: 0, y:2);785;1564
4;[2](x: 0, y:1);-6;6
4;[2](x: 2, y:0);779;1558
3;[1](x: 2, y:0);785;1564
4;[2](x: 0, y:1);-6;6
4;[2](x: 0, y:2);778.5;1557
